nohup: ignoring input
Number of coordinates within Uganda boundary: 1962
Fetching data for the period: 2024-01-01 to 2024-12-31
Found existing CSV file with 1953 unique coordinate pairs already downloaded.
Existing coordinates:
  (-1.3821, 29.6715)
  (-1.3821, 29.9715)
  (-1.2821, 29.6715)
  (-1.2821, 29.7715)
  (-1.2821, 29.8715)
  (-1.2821, 29.9715)
  (-1.2821, 30.0715)
  (-1.1821, 29.6715)
  (-1.1821, 29.7715)
  (-1.1821, 29.8715)
  (-1.1821, 29.9715)
  (-1.1821, 30.0715)
  (-1.1821, 30.1715)
  (-1.1821, 30.2715)
  (-1.0821, 29.6715)
  (-1.0821, 29.7715)
  (-1.0821, 29.8715)
  (-1.0821, 29.9715)
  (-1.0821, 30.0715)
  (-1.0821, 30.1715)
  (-1.0821, 30.2715)
  (-0.9821, 29.6715)
  (-0.9821, 29.7715)
  (-0.9821, 29.8715)
  (-0.9821, 29.9715)
  (-0.9821, 30.0715)
  (-0.9821, 30.1715)
  (-0.9821, 30.2715)
  (-0.9821, 30.3715)
  (-0.9821, 30.4715)
  (-0.9821, 30.5715)
  (-0.9821, 30.6715)
  (-0.9821, 30.7715)
  (-0.9821, 30.8715)
  (-0.9821, 30.9715)
  (-0.9821, 31.0715)
  (-0.9821, 31.1715)
  (-0.9821, 31.2715)
  (-0.9821, 31.3715)
  (-0.9821, 31.4715)
  (-0.9821, 31.6715)
  (-0.9821, 31.7715)
  (-0.9821, 31.8715)
  (-0.9821, 31.9715)
  (-0.9821, 32.0715)
  (-0.9821, 32.1715)
  (-0.9821, 32.2715)
  (-0.9821, 32.3715)
  (-0.9821, 32.4715)
  (-0.9821, 32.5715)
  (-0.9821, 32.6715)
  (-0.9821, 32.7715)
  (-0.9821, 32.8715)
  (-0.9821, 32.9715)
  (-0.9821, 33.0715)
  (-0.9821, 33.1715)
  (-0.9821, 33.2715)
  (-0.9821, 33.3715)
  (-0.9821, 33.4715)
  (-0.9821, 33.5715)
  (-0.9821, 33.6715)
  (-0.9821, 33.8715)
  (-0.8821, 29.6715)
  (-0.8821, 29.7715)
  (-0.8821, 29.8715)
  (-0.8821, 29.9715)
  (-0.8821, 30.0715)
  (-0.8821, 30.1715)
  (-0.8821, 30.2715)
  (-0.8821, 30.3715)
  (-0.8821, 30.4715)
  (-0.8821, 30.5715)
  (-0.8821, 30.6715)
  (-0.8821, 30.7715)
  (-0.8821, 30.8715)
  (-0.8821, 30.9715)
  (-0.8821, 31.0715)
  (-0.8821, 31.1715)
  (-0.8821, 31.2715)
  (-0.8821, 31.3715)
  (-0.8821, 31.4715)
  (-0.8821, 31.5715)
  (-0.8821, 31.6715)
  (-0.8821, 31.7715)
  (-0.8821, 31.8715)
  (-0.8821, 31.9715)
  (-0.8821, 32.0715)
  (-0.8821, 32.1715)
  (-0.8821, 32.2715)
  (-0.8821, 32.3715)
  (-0.8821, 32.4715)
  (-0.8821, 32.5715)
  (-0.8821, 32.6715)
  (-0.8821, 32.7715)
  (-0.8821, 32.8715)
  (-0.8821, 32.9715)
  (-0.8821, 33.0715)
  (-0.8821, 33.1715)
  (-0.8821, 33.2715)
  (-0.8821, 33.3715)
  (-0.8821, 33.4715)
  (-0.8821, 33.5715)
  (-0.8821, 33.6715)
  (-0.8821, 33.7715)
  (-0.8821, 33.8715)
  (-0.7821, 29.6715)
  (-0.7821, 29.7715)
  (-0.7821, 29.8715)
  (-0.7821, 29.9715)
  (-0.7821, 30.0715)
  (-0.7821, 30.1715)
  (-0.7821, 30.2715)
  (-0.7821, 30.3715)
  (-0.7821, 30.4715)
  (-0.7821, 30.5715)
  (-0.7821, 30.6715)
  (-0.7821, 30.7715)
  (-0.7821, 30.8715)
  (-0.7821, 30.9715)
  (-0.7821, 31.0715)
  (-0.7821, 31.1715)
  (-0.7821, 31.2715)
  (-0.7821, 31.3715)
  (-0.7821, 31.4715)
  (-0.7821, 31.5715)
  (-0.7821, 31.6715)
  (-0.7821, 31.7715)
  (-0.7821, 31.8715)
  (-0.7821, 31.9715)
  (-0.7821, 32.0715)
  (-0.7821, 32.1715)
  (-0.7821, 32.2715)
  (-0.7821, 32.3715)
  (-0.7821, 32.4715)
  (-0.7821, 32.5715)
  (-0.7821, 32.6715)
  (-0.7821, 32.7715)
  (-0.7821, 32.8715)
  (-0.7821, 32.9715)
  (-0.7821, 33.0715)
  (-0.7821, 33.1715)
  (-0.7821, 33.2715)
  (-0.7821, 33.3715)
  (-0.7821, 33.4715)
  (-0.7821, 33.5715)
  (-0.7821, 33.6715)
  (-0.7821, 33.7715)
  (-0.7821, 33.8715)
  (-0.6821, 29.6715)
  (-0.6821, 29.7715)
  (-0.6821, 29.8715)
  (-0.6821, 29.9715)
  (-0.6821, 30.0715)
  (-0.6821, 30.1715)
  (-0.6821, 30.2715)
  (-0.6821, 30.3715)
  (-0.6821, 30.4715)
  (-0.6821, 30.5715)
  (-0.6821, 30.6715)
  (-0.6821, 30.7715)
  (-0.6821, 30.8715)
  (-0.6821, 30.9715)
  (-0.6821, 31.0715)
  (-0.6821, 31.1715)
  (-0.6821, 31.2715)
  (-0.6821, 31.3715)
  (-0.6821, 31.4715)
  (-0.6821, 31.5715)
  (-0.6821, 31.6715)
  (-0.6821, 31.7715)
  (-0.6821, 31.8715)
  (-0.6821, 31.9715)
  (-0.6821, 32.0715)
  (-0.6821, 32.1715)
  (-0.6821, 32.2715)
  (-0.6821, 32.3715)
  (-0.6821, 32.4715)
  (-0.6821, 32.5715)
  (-0.6821, 32.6715)
  (-0.6821, 32.7715)
  (-0.6821, 32.8715)
  (-0.6821, 32.9715)
  (-0.6821, 33.0715)
  (-0.6821, 33.1715)
  (-0.6821, 33.2715)
  (-0.6821, 33.3715)
  (-0.6821, 33.4715)
  (-0.6821, 33.5715)
  (-0.6821, 33.6715)
  (-0.6821, 33.7715)
  (-0.6821, 33.8715)
  (-0.5821, 29.6715)
  (-0.5821, 29.7715)
  (-0.5821, 29.8715)
  (-0.5821, 29.9715)
  (-0.5821, 30.0715)
  (-0.5821, 30.1715)
  (-0.5821, 30.2715)
  (-0.5821, 30.3715)
  (-0.5821, 30.4715)
  (-0.5821, 30.5715)
  (-0.5821, 30.6715)
  (-0.5821, 30.7715)
  (-0.5821, 30.8715)
  (-0.5821, 30.9715)
  (-0.5821, 31.0715)
  (-0.5821, 31.1715)
  (-0.5821, 31.2715)
  (-0.5821, 31.3715)
  (-0.5821, 31.4715)
  (-0.5821, 31.5715)
  (-0.5821, 31.6715)
  (-0.5821, 31.7715)
  (-0.5821, 31.8715)
  (-0.5821, 31.9715)
  (-0.5821, 32.0715)
  (-0.5821, 32.1715)
  (-0.5821, 32.2715)
  (-0.5821, 32.3715)
  (-0.5821, 32.4715)
  (-0.5821, 32.5715)
  (-0.5821, 32.6715)
  (-0.5821, 32.7715)
  (-0.5821, 32.8715)
  (-0.5821, 32.9715)
  (-0.5821, 33.0715)
  (-0.5821, 33.1715)
  (-0.5821, 33.2715)
  (-0.5821, 33.3715)
  (-0.5821, 33.4715)
  (-0.5821, 33.5715)
  (-0.5821, 33.6715)
  (-0.5821, 33.7715)
  (-0.5821, 33.8715)
  (-0.4821, 29.6715)
  (-0.4821, 29.7715)
  (-0.4821, 29.8715)
  (-0.4821, 29.9715)
  (-0.4821, 30.0715)
  (-0.4821, 30.1715)
  (-0.4821, 30.2715)
  (-0.4821, 30.3715)
  (-0.4821, 30.4715)
  (-0.4821, 30.5715)
  (-0.4821, 30.6715)
  (-0.4821, 30.7715)
  (-0.4821, 30.8715)
  (-0.4821, 30.9715)
  (-0.4821, 31.0715)
  (-0.4821, 31.1715)
  (-0.4821, 31.2715)
  (-0.4821, 31.3715)
  (-0.4821, 31.4715)
  (-0.4821, 31.5715)
  (-0.4821, 31.6715)
  (-0.4821, 31.7715)
  (-0.4821, 31.8715)
  (-0.4821, 31.9715)
  (-0.4821, 32.0715)
  (-0.4821, 32.1715)
  (-0.4821, 32.2715)
  (-0.4821, 32.3715)
  (-0.4821, 32.4715)
  (-0.4821, 32.5715)
  (-0.4821, 32.6715)
  (-0.4821, 32.7715)
  (-0.4821, 32.8715)
  (-0.4821, 32.9715)
  (-0.4821, 33.0715)
  (-0.4821, 33.1715)
  (-0.4821, 33.2715)
  (-0.4821, 33.3715)
  (-0.4821, 33.4715)
  (-0.4821, 33.5715)
  (-0.4821, 33.6715)
  (-0.4821, 33.7715)
  (-0.4821, 33.8715)
  (-0.3821, 29.7715)
  (-0.3821, 29.8715)
  (-0.3821, 29.9715)
  (-0.3821, 30.0715)
  (-0.3821, 30.1715)
  (-0.3821, 30.2715)
  (-0.3821, 30.3715)
  (-0.3821, 30.4715)
  (-0.3821, 30.5715)
  (-0.3821, 30.6715)
  (-0.3821, 30.7715)
  (-0.3821, 30.8715)
  (-0.3821, 30.9715)
  (-0.3821, 31.0715)
  (-0.3821, 31.1715)
  (-0.3821, 31.2715)
  (-0.3821, 31.3715)
  (-0.3821, 31.4715)
  (-0.3821, 31.5715)
  (-0.3821, 31.6715)
  (-0.3821, 31.7715)
  (-0.3821, 31.8715)
  (-0.3821, 31.9715)
  (-0.3821, 32.0715)
  (-0.3821, 32.1715)
  (-0.3821, 32.2715)
  (-0.3821, 32.3715)
  (-0.3821, 32.4715)
  (-0.3821, 32.5715)
  (-0.3821, 32.6715)
  (-0.3821, 32.7715)
  (-0.3821, 32.8715)
  (-0.3821, 32.9715)
  (-0.3821, 33.0715)
  (-0.3821, 33.1715)
  (-0.3821, 33.2715)
  (-0.3821, 33.3715)
  (-0.3821, 33.4715)
  (-0.3821, 33.5715)
  (-0.3821, 33.6715)
  (-0.3821, 33.7715)
  (-0.3821, 33.8715)
  (-0.2821, 29.7715)
  (-0.2821, 29.8715)
  (-0.2821, 29.9715)
  (-0.2821, 30.0715)
  (-0.2821, 30.1715)
  (-0.2821, 30.2715)
  (-0.2821, 30.3715)
  (-0.2821, 30.4715)
  (-0.2821, 30.5715)
  (-0.2821, 30.6715)
  (-0.2821, 30.7715)
  (-0.2821, 30.8715)
  (-0.2821, 30.9715)
  (-0.2821, 31.0715)
  (-0.2821, 31.1715)
  (-0.2821, 31.2715)
  (-0.2821, 31.3715)
  (-0.2821, 31.4715)
  (-0.2821, 31.5715)
  (-0.2821, 31.6715)
  (-0.2821, 31.7715)
  (-0.2821, 31.8715)
  (-0.2821, 31.9715)
  (-0.2821, 32.0715)
  (-0.2821, 32.1715)
  (-0.2821, 32.2715)
  (-0.2821, 32.3715)
  (-0.2821, 32.4715)
  (-0.2821, 32.5715)
  (-0.2821, 32.6715)
  (-0.2821, 32.7715)
  (-0.2821, 32.8715)
  (-0.2821, 32.9715)
  (-0.2821, 33.0715)
  (-0.2821, 33.1715)
  (-0.2821, 33.2715)
  (-0.2821, 33.3715)
  (-0.2821, 33.4715)
  (-0.2821, 33.5715)
  (-0.2821, 33.6715)
  (-0.2821, 33.7715)
  (-0.2821, 33.8715)
  (-0.1821, 29.7715)
  (-0.1821, 29.8715)
  (-0.1821, 29.9715)
  (-0.1821, 30.0715)
  (-0.1821, 30.1715)
  (-0.1821, 30.2715)
  (-0.1821, 30.3715)
  (-0.1821, 30.4715)
  (-0.1821, 30.5715)
  (-0.1821, 30.6715)
  (-0.1821, 30.7715)
  (-0.1821, 30.8715)
  (-0.1821, 30.9715)
  (-0.1821, 31.0715)
  (-0.1821, 31.1715)
  (-0.1821, 31.2715)
  (-0.1821, 31.3715)
  (-0.1821, 31.4715)
  (-0.1821, 31.5715)
  (-0.1821, 31.6715)
  (-0.1821, 31.7715)
  (-0.1821, 31.8715)
  (-0.1821, 31.9715)
  (-0.1821, 32.0715)
  (-0.1821, 32.1715)
  (-0.1821, 32.2715)
  (-0.1821, 32.3715)
  (-0.1821, 32.4715)
  (-0.1821, 32.5715)
  (-0.1821, 32.6715)
  (-0.1821, 32.7715)
  (-0.1821, 32.8715)
  (-0.1821, 32.9715)
  (-0.1821, 33.0715)
  (-0.1821, 33.1715)
  (-0.1821, 33.2715)
  (-0.1821, 33.3715)
  (-0.1821, 33.4715)
  (-0.1821, 33.5715)
  (-0.1821, 33.6715)
  (-0.1821, 33.7715)
  (-0.1821, 33.8715)
  (-0.1821, 33.9715)
  (-0.0821, 29.7715)
  (-0.0821, 29.8715)
  (-0.0821, 29.9715)
  (-0.0821, 30.0715)
  (-0.0821, 30.1715)
  (-0.0821, 30.2715)
  (-0.0821, 30.3715)
  (-0.0821, 30.4715)
  (-0.0821, 30.5715)
  (-0.0821, 30.6715)
  (-0.0821, 30.7715)
  (-0.0821, 30.8715)
  (-0.0821, 30.9715)
  (-0.0821, 31.0715)
  (-0.0821, 31.1715)
  (-0.0821, 31.2715)
  (-0.0821, 31.3715)
  (-0.0821, 31.4715)
  (-0.0821, 31.5715)
  (-0.0821, 31.6715)
  (-0.0821, 31.7715)
  (-0.0821, 31.8715)
  (-0.0821, 31.9715)
  (-0.0821, 32.0715)
  (-0.0821, 32.1715)
  (-0.0821, 32.2715)
  (-0.0821, 32.3715)
  (-0.0821, 32.4715)
  (-0.0821, 32.5715)
  (-0.0821, 32.6715)
  (-0.0821, 32.7715)
  (-0.0821, 32.8715)
  (-0.0821, 32.9715)
  (-0.0821, 33.0715)
  (-0.0821, 33.1715)
  (-0.0821, 33.2715)
  (-0.0821, 33.3715)
  (-0.0821, 33.4715)
  (-0.0821, 33.5715)
  (-0.0821, 33.6715)
  (-0.0821, 33.7715)
  (-0.0821, 33.8715)
  (0.0179, 29.7715)
  (0.0179, 29.8715)
  (0.0179, 29.9715)
  (0.0179, 30.0715)
  (0.0179, 30.1715)
  (0.0179, 30.2715)
  (0.0179, 30.3715)
  (0.0179, 30.4715)
  (0.0179, 30.5715)
  (0.0179, 30.6715)
  (0.0179, 30.7715)
  (0.0179, 30.8715)
  (0.0179, 30.9715)
  (0.0179, 31.0715)
  (0.0179, 31.1715)
  (0.0179, 31.2715)
  (0.0179, 31.3715)
  (0.0179, 31.4715)
  (0.0179, 31.5715)
  (0.0179, 31.6715)
  (0.0179, 31.7715)
  (0.0179, 31.8715)
  (0.0179, 31.9715)
  (0.0179, 32.0715)
  (0.0179, 32.1715)
  (0.0179, 32.2715)
  (0.0179, 32.3715)
  (0.0179, 32.4715)
  (0.0179, 32.5715)
  (0.0179, 32.6715)
  (0.0179, 32.7715)
  (0.0179, 32.8715)
  (0.0179, 32.9715)
  (0.0179, 33.0715)
  (0.0179, 33.1715)
  (0.0179, 33.2715)
  (0.0179, 33.3715)
  (0.0179, 33.4715)
  (0.0179, 33.5715)
  (0.0179, 33.6715)
  (0.0179, 33.7715)
  (0.0179, 33.8715)
  (0.1179, 29.7715)
  (0.1179, 29.8715)
  (0.1179, 29.9715)
  (0.1179, 30.0715)
  (0.1179, 30.1715)
  (0.1179, 30.2715)
  (0.1179, 30.3715)
  (0.1179, 30.4715)
  (0.1179, 30.5715)
  (0.1179, 30.6715)
  (0.1179, 30.7715)
  (0.1179, 30.8715)
  (0.1179, 30.9715)
  (0.1179, 31.0715)
  (0.1179, 31.1715)
  (0.1179, 31.2715)
  (0.1179, 31.4715)
  (0.1179, 31.5715)
  (0.1179, 31.6715)
  (0.1179, 31.7715)
  (0.1179, 31.8715)
  (0.1179, 31.9715)
  (0.1179, 32.0715)
  (0.1179, 32.1715)
  (0.1179, 32.2715)
  (0.1179, 32.3715)
  (0.1179, 32.4715)
  (0.1179, 32.5715)
  (0.1179, 32.6715)
  (0.1179, 32.7715)
  (0.1179, 32.8715)
  (0.1179, 32.9715)
  (0.1179, 33.0715)
  (0.1179, 33.1715)
  (0.1179, 33.2715)
  (0.1179, 33.3715)
  (0.1179, 33.4715)
  (0.1179, 33.5715)
  (0.1179, 33.6715)
  (0.1179, 33.7715)
  (0.1179, 33.8715)
  (0.2179, 29.8715)
  (0.2179, 29.9715)
  (0.2179, 30.0715)
  (0.2179, 30.1715)
  (0.2179, 30.2715)
  (0.2179, 30.3715)
  (0.2179, 30.4715)
  (0.2179, 30.5715)
  (0.2179, 30.6715)
  (0.2179, 30.7715)
  (0.2179, 30.8715)
  (0.2179, 30.9715)
  (0.2179, 31.0715)
  (0.2179, 31.1715)
  (0.2179, 31.2715)
  (0.2179, 31.3715)
  (0.2179, 31.4715)
  (0.2179, 31.5715)
  (0.2179, 31.6715)
  (0.2179, 31.7715)
  (0.2179, 31.8715)
  (0.2179, 31.9715)
  (0.2179, 32.0715)
  (0.2179, 32.1715)
  (0.2179, 32.2715)
  (0.2179, 32.3715)
  (0.2179, 32.4715)
  (0.2179, 32.5715)
  (0.2179, 32.6715)
  (0.2179, 32.7715)
  (0.2179, 32.8715)
  (0.2179, 32.9715)
  (0.2179, 33.0715)
  (0.2179, 33.1715)
  (0.2179, 33.2715)
  (0.2179, 33.3715)
  (0.2179, 33.4715)
  (0.2179, 33.5715)
  (0.2179, 33.6715)
  (0.2179, 33.7715)
  (0.2179, 33.8715)
  (0.2179, 33.9715)
  (0.3179, 29.8715)
  (0.3179, 29.9715)
  (0.3179, 30.0715)
  (0.3179, 30.1715)
  (0.3179, 30.2715)
  (0.3179, 30.3715)
  (0.3179, 30.4715)
  (0.3179, 30.5715)
  (0.3179, 30.6715)
  (0.3179, 30.7715)
  (0.3179, 30.8715)
  (0.3179, 30.9715)
  (0.3179, 31.0715)
  (0.3179, 31.1715)
  (0.3179, 31.2715)
  (0.3179, 31.3715)
  (0.3179, 31.4715)
  (0.3179, 31.5715)
  (0.3179, 31.6715)
  (0.3179, 31.7715)
  (0.3179, 31.8715)
  (0.3179, 31.9715)
  (0.3179, 32.0715)
  (0.3179, 32.1715)
  (0.3179, 32.2715)
  (0.3179, 32.3715)
  (0.3179, 32.4715)
  (0.3179, 32.5715)
  (0.3179, 32.6715)
  (0.3179, 32.7715)
  (0.3179, 32.8715)
  (0.3179, 32.9715)
  (0.3179, 33.0715)
  (0.3179, 33.1715)
  (0.3179, 33.2715)
  (0.3179, 33.3715)
  (0.3179, 33.4715)
  (0.3179, 33.5715)
  (0.3179, 33.6715)
  (0.3179, 33.7715)
  (0.3179, 33.8715)
  (0.3179, 33.9715)
  (0.4179, 29.9715)
  (0.4179, 30.0715)
  (0.4179, 30.1715)
  (0.4179, 30.2715)
  (0.4179, 30.3715)
  (0.4179, 30.4715)
  (0.4179, 30.5715)
  (0.4179, 30.6715)
  (0.4179, 30.7715)
  (0.4179, 30.8715)
  (0.4179, 30.9715)
  (0.4179, 31.0715)
  (0.4179, 31.1715)
  (0.4179, 31.2715)
  (0.4179, 31.3715)
  (0.4179, 31.4715)
  (0.4179, 31.5715)
  (0.4179, 31.6715)
  (0.4179, 31.7715)
  (0.4179, 31.8715)
  (0.4179, 31.9715)
  (0.4179, 32.0715)
  (0.4179, 32.1715)
  (0.4179, 32.2715)
  (0.4179, 32.3715)
  (0.4179, 32.4715)
  (0.4179, 32.5715)
  (0.4179, 32.6715)
  (0.4179, 32.7715)
  (0.4179, 32.8715)
  (0.4179, 32.9715)
  (0.4179, 33.0715)
  (0.4179, 33.1715)
  (0.4179, 33.2715)
  (0.4179, 33.3715)
  (0.4179, 33.4715)
  (0.4179, 33.5715)
  (0.4179, 33.6715)
  (0.4179, 33.7715)
  (0.4179, 33.8715)
  (0.4179, 33.9715)
  (0.4179, 34.0715)
  (0.5179, 30.0715)
  (0.5179, 30.1715)
  (0.5179, 30.2715)
  (0.5179, 30.3715)
  (0.5179, 30.4715)
  (0.5179, 30.5715)
  (0.5179, 30.6715)
  (0.5179, 30.7715)
  (0.5179, 30.8715)
  (0.5179, 30.9715)
  (0.5179, 31.0715)
  (0.5179, 31.1715)
  (0.5179, 31.2715)
  (0.5179, 31.3715)
  (0.5179, 31.4715)
  (0.5179, 31.5715)
  (0.5179, 31.6715)
  (0.5179, 31.7715)
  (0.5179, 31.8715)
  (0.5179, 31.9715)
  (0.5179, 32.0715)
  (0.5179, 32.1715)
  (0.5179, 32.2715)
  (0.5179, 32.3715)
  (0.5179, 32.4715)
  (0.5179, 32.5715)
  (0.5179, 32.6715)
  (0.5179, 32.7715)
  (0.5179, 32.8715)
  (0.5179, 32.9715)
  (0.5179, 33.3715)
  (0.5179, 33.4715)
  (0.5179, 33.5715)
  (0.5179, 33.6715)
  (0.5179, 33.7715)
  (0.5179, 33.8715)
  (0.5179, 33.9715)
  (0.5179, 34.0715)
  (0.6179, 30.0715)
  (0.6179, 30.1715)
  (0.6179, 30.2715)
  (0.6179, 30.3715)
  (0.6179, 30.4715)
  (0.6179, 30.5715)
  (0.6179, 30.6715)
  (0.6179, 30.7715)
  (0.6179, 30.8715)
  (0.6179, 30.9715)
  (0.6179, 31.0715)
  (0.6179, 31.1715)
  (0.6179, 31.2715)
  (0.6179, 31.3715)
  (0.6179, 31.4715)
  (0.6179, 31.5715)
  (0.6179, 31.6715)
  (0.6179, 31.7715)
  (0.6179, 31.8715)
  (0.6179, 31.9715)
  (0.6179, 32.0715)
  (0.6179, 32.1715)
  (0.6179, 32.2715)
  (0.6179, 32.3715)
  (0.6179, 32.4715)
  (0.6179, 32.5715)
  (0.6179, 32.6715)
  (0.6179, 32.7715)
  (0.6179, 32.8715)
  (0.6179, 32.9715)
  (0.6179, 33.0715)
  (0.6179, 33.1715)
  (0.6179, 33.2715)
  (0.6179, 33.3715)
  (0.6179, 33.4715)
  (0.6179, 33.5715)
  (0.6179, 33.6715)
  (0.6179, 33.7715)
  (0.6179, 33.8715)
  (0.6179, 33.9715)
  (0.6179, 34.0715)
  (0.6179, 34.1715)
  (0.7179, 29.9715)
  (0.7179, 30.0715)
  (0.7179, 30.1715)
  (0.7179, 30.2715)
  (0.7179, 30.3715)
  (0.7179, 30.4715)
  (0.7179, 30.5715)
  (0.7179, 30.6715)
  (0.7179, 30.7715)
  (0.7179, 30.8715)
  (0.7179, 30.9715)
  (0.7179, 31.0715)
  (0.7179, 31.1715)
  (0.7179, 31.2715)
  (0.7179, 31.3715)
  (0.7179, 31.4715)
  (0.7179, 31.5715)
  (0.7179, 31.6715)
  (0.7179, 31.7715)
  (0.7179, 31.8715)
  (0.7179, 31.9715)
  (0.7179, 32.0715)
  (0.7179, 32.1715)
  (0.7179, 32.2715)
  (0.7179, 32.3715)
  (0.7179, 32.4715)
  (0.7179, 32.5715)
  (0.7179, 32.6715)
  (0.7179, 32.7715)
  (0.7179, 32.8715)
  (0.7179, 32.9715)
  (0.7179, 33.0715)
  (0.7179, 33.1715)
  (0.7179, 33.2715)
  (0.7179, 33.3715)
  (0.7179, 33.4715)
  (0.7179, 33.5715)
  (0.7179, 33.6715)
  (0.7179, 33.7715)
  (0.7179, 33.8715)
  (0.7179, 33.9715)
  (0.7179, 34.0715)
  (0.7179, 34.1715)
  (0.7179, 34.2715)
  (0.8179, 29.9715)
  (0.8179, 30.0715)
  (0.8179, 30.1715)
  (0.8179, 30.2715)
  (0.8179, 30.3715)
  (0.8179, 30.4715)
  (0.8179, 30.5715)
  (0.8179, 30.6715)
  (0.8179, 30.7715)
  (0.8179, 30.8715)
  (0.8179, 30.9715)
  (0.8179, 31.0715)
  (0.8179, 31.1715)
  (0.8179, 31.2715)
  (0.8179, 31.3715)
  (0.8179, 31.4715)
  (0.8179, 31.5715)
  (0.8179, 31.6715)
  (0.8179, 31.7715)
  (0.8179, 31.8715)
  (0.8179, 31.9715)
  (0.8179, 32.0715)
  (0.8179, 32.1715)
  (0.8179, 32.2715)
  (0.8179, 32.3715)
  (0.8179, 32.4715)
  (0.8179, 32.5715)
  (0.8179, 32.6715)
  (0.8179, 32.7715)
  (0.8179, 32.8715)
  (0.8179, 32.9715)
  (0.8179, 33.0715)
  (0.8179, 33.1715)
  (0.8179, 33.2715)
  (0.8179, 33.3715)
  (0.8179, 33.4715)
  (0.8179, 33.5715)
  (0.8179, 33.6715)
  (0.8179, 33.7715)
  (0.8179, 33.8715)
  (0.8179, 33.9715)
  (0.8179, 34.0715)
  (0.8179, 34.1715)
  (0.8179, 34.2715)
  (0.8179, 34.3715)
  (0.9179, 30.2715)
  (0.9179, 30.3715)
  (0.9179, 30.4715)
  (0.9179, 30.5715)
  (0.9179, 30.6715)
  (0.9179, 30.7715)
  (0.9179, 30.8715)
  (0.9179, 30.9715)
  (0.9179, 31.0715)
  (0.9179, 31.1715)
  (0.9179, 31.2715)
  (0.9179, 31.3715)
  (0.9179, 31.4715)
  (0.9179, 31.5715)
  (0.9179, 31.6715)
  (0.9179, 31.7715)
  (0.9179, 31.8715)
  (0.9179, 31.9715)
  (0.9179, 32.0715)
  (0.9179, 32.1715)
  (0.9179, 32.2715)
  (0.9179, 32.3715)
  (0.9179, 32.4715)
  (0.9179, 32.5715)
  (0.9179, 32.6715)
  (0.9179, 32.7715)
  (0.9179, 32.8715)
  (0.9179, 32.9715)
  (0.9179, 33.0715)
  (0.9179, 33.1715)
  (0.9179, 33.2715)
  (0.9179, 33.3715)
  (0.9179, 33.4715)
  (0.9179, 33.5715)
  (0.9179, 33.6715)
  (0.9179, 33.7715)
  (0.9179, 33.8715)
  (0.9179, 33.9715)
  (0.9179, 34.0715)
  (0.9179, 34.1715)
  (0.9179, 34.2715)
  (0.9179, 34.3715)
  (1.0179, 30.2715)
  (1.0179, 30.3715)
  (1.0179, 30.4715)
  (1.0179, 30.5715)
  (1.0179, 30.6715)
  (1.0179, 30.7715)
  (1.0179, 30.8715)
  (1.0179, 30.9715)
  (1.0179, 31.0715)
  (1.0179, 31.1715)
  (1.0179, 31.2715)
  (1.0179, 31.3715)
  (1.0179, 31.4715)
  (1.0179, 31.5715)
  (1.0179, 31.6715)
  (1.0179, 31.7715)
  (1.0179, 31.8715)
  (1.0179, 31.9715)
  (1.0179, 32.0715)
  (1.0179, 32.1715)
  (1.0179, 32.2715)
  (1.0179, 32.3715)
  (1.0179, 32.4715)
  (1.0179, 32.5715)
  (1.0179, 32.6715)
  (1.0179, 32.7715)
  (1.0179, 32.8715)
  (1.0179, 32.9715)
  (1.0179, 33.0715)
  (1.0179, 33.1715)
  (1.0179, 33.2715)
  (1.0179, 33.3715)
  (1.0179, 33.4715)
  (1.0179, 33.5715)
  (1.0179, 33.6715)
  (1.0179, 33.7715)
  (1.0179, 33.8715)
  (1.0179, 33.9715)
  (1.0179, 34.0715)
  (1.0179, 34.1715)
  (1.0179, 34.2715)
  (1.0179, 34.3715)
  (1.0179, 34.4715)
  (1.1179, 30.2715)
  (1.1179, 30.3715)
  (1.1179, 30.4715)
  (1.1179, 30.5715)
  (1.1179, 30.6715)
  (1.1179, 30.7715)
  (1.1179, 30.8715)
  (1.1179, 30.9715)
  (1.1179, 31.0715)
  (1.1179, 31.1715)
  (1.1179, 31.2715)
  (1.1179, 31.3715)
  (1.1179, 31.4715)
  (1.1179, 31.5715)
  (1.1179, 31.6715)
  (1.1179, 31.7715)
  (1.1179, 31.8715)
  (1.1179, 31.9715)
  (1.1179, 32.0715)
  (1.1179, 32.1715)
  (1.1179, 32.2715)
  (1.1179, 32.3715)
  (1.1179, 32.4715)
  (1.1179, 32.5715)
  (1.1179, 32.6715)
  (1.1179, 32.7715)
  (1.1179, 32.8715)
  (1.1179, 32.9715)
  (1.1179, 33.0715)
  (1.1179, 33.1715)
  (1.1179, 33.2715)
  (1.1179, 33.3715)
  (1.1179, 33.4715)
  (1.1179, 33.5715)
  (1.1179, 33.6715)
  (1.1179, 33.7715)
  (1.1179, 33.8715)
  (1.1179, 33.9715)
  (1.1179, 34.0715)
  (1.1179, 34.1715)
  (1.1179, 34.2715)
  (1.1179, 34.3715)
  (1.1179, 34.4715)
  (1.1179, 34.5715)
  (1.2179, 30.5715)
  (1.2179, 30.6715)
  (1.2179, 30.7715)
  (1.2179, 30.8715)
  (1.2179, 30.9715)
  (1.2179, 31.0715)
  (1.2179, 31.1715)
  (1.2179, 31.2715)
  (1.2179, 31.3715)
  (1.2179, 31.4715)
  (1.2179, 31.5715)
  (1.2179, 31.6715)
  (1.2179, 31.7715)
  (1.2179, 31.8715)
  (1.2179, 31.9715)
  (1.2179, 32.0715)
  (1.2179, 32.1715)
  (1.2179, 32.2715)
  (1.2179, 32.3715)
  (1.2179, 32.4715)
  (1.2179, 32.5715)
  (1.2179, 32.6715)
  (1.2179, 32.7715)
  (1.2179, 32.8715)
  (1.2179, 32.9715)
  (1.2179, 33.0715)
  (1.2179, 33.1715)
  (1.2179, 33.2715)
  (1.2179, 33.3715)
  (1.2179, 33.4715)
  (1.2179, 33.5715)
  (1.2179, 33.6715)
  (1.2179, 33.7715)
  (1.2179, 33.8715)
  (1.2179, 33.9715)
  (1.2179, 34.0715)
  (1.2179, 34.1715)
  (1.2179, 34.2715)
  (1.2179, 34.3715)
  (1.2179, 34.4715)
  (1.2179, 34.5715)
  (1.2179, 34.6715)
  (1.3179, 30.6715)
  (1.3179, 30.7715)
  (1.3179, 30.8715)
  (1.3179, 30.9715)
  (1.3179, 31.0715)
  (1.3179, 31.1715)
  (1.3179, 31.2715)
  (1.3179, 31.3715)
  (1.3179, 31.4715)
  (1.3179, 31.5715)
  (1.3179, 31.6715)
  (1.3179, 31.7715)
  (1.3179, 31.8715)
  (1.3179, 31.9715)
  (1.3179, 32.0715)
  (1.3179, 32.1715)
  (1.3179, 32.2715)
  (1.3179, 32.3715)
  (1.3179, 32.4715)
  (1.3179, 32.5715)
  (1.3179, 32.6715)
  (1.3179, 32.7715)
  (1.3179, 32.8715)
  (1.3179, 32.9715)
  (1.3179, 33.0715)
  (1.3179, 33.1715)
  (1.3179, 33.2715)
  (1.3179, 33.3715)
  (1.3179, 33.4715)
  (1.3179, 33.5715)
  (1.3179, 33.6715)
  (1.3179, 33.7715)
  (1.3179, 33.8715)
  (1.3179, 33.9715)
  (1.3179, 34.0715)
  (1.3179, 34.1715)
  (1.3179, 34.2715)
  (1.3179, 34.3715)
  (1.3179, 34.4715)
  (1.3179, 34.5715)
  (1.3179, 34.6715)
  (1.3179, 34.7715)
  (1.4179, 30.6715)
  (1.4179, 30.7715)
  (1.4179, 30.8715)
  (1.4179, 30.9715)
  (1.4179, 31.0715)
  (1.4179, 31.1715)
  (1.4179, 31.2715)
  (1.4179, 31.3715)
  (1.4179, 31.4715)
  (1.4179, 31.5715)
  (1.4179, 31.6715)
  (1.4179, 31.7715)
  (1.4179, 31.8715)
  (1.4179, 31.9715)
  (1.4179, 32.0715)
  (1.4179, 32.1715)
  (1.4179, 32.2715)
  (1.4179, 32.3715)
  (1.4179, 32.4715)
  (1.4179, 32.5715)
  (1.4179, 32.6715)
  (1.4179, 32.7715)
  (1.4179, 32.8715)
  (1.4179, 32.9715)
  (1.4179, 33.0715)
  (1.4179, 33.1715)
  (1.4179, 33.2715)
  (1.4179, 33.3715)
  (1.4179, 33.4715)
  (1.4179, 33.5715)
  (1.4179, 33.6715)
  (1.4179, 33.7715)
  (1.4179, 33.8715)
  (1.4179, 33.9715)
  (1.4179, 34.0715)
  (1.4179, 34.1715)
  (1.4179, 34.2715)
  (1.4179, 34.3715)
  (1.4179, 34.4715)
  (1.4179, 34.5715)
  (1.4179, 34.6715)
  (1.4179, 34.7715)
  (1.5179, 30.7715)
  (1.5179, 30.8715)
  (1.5179, 30.9715)
  (1.5179, 31.0715)
  (1.5179, 31.1715)
  (1.5179, 31.2715)
  (1.5179, 31.3715)
  (1.5179, 31.4715)
  (1.5179, 31.5715)
  (1.5179, 31.6715)
  (1.5179, 31.7715)
  (1.5179, 31.8715)
  (1.5179, 31.9715)
  (1.5179, 32.0715)
  (1.5179, 32.1715)
  (1.5179, 32.2715)
  (1.5179, 32.3715)
  (1.5179, 32.4715)
  (1.5179, 32.5715)
  (1.5179, 32.6715)
  (1.5179, 32.7715)
  (1.5179, 32.8715)
  (1.5179, 32.9715)
  (1.5179, 33.0715)
  (1.5179, 33.1715)
  (1.5179, 33.2715)
  (1.5179, 33.3715)
  (1.5179, 33.4715)
  (1.5179, 33.5715)
  (1.5179, 33.6715)
  (1.5179, 33.7715)
  (1.5179, 33.8715)
  (1.5179, 33.9715)
  (1.5179, 34.0715)
  (1.5179, 34.1715)
  (1.5179, 34.2715)
  (1.5179, 34.3715)
  (1.5179, 34.4715)
  (1.5179, 34.5715)
  (1.5179, 34.6715)
  (1.5179, 34.7715)
  (1.6179, 30.8715)
  (1.6179, 30.9715)
  (1.6179, 31.0715)
  (1.6179, 31.1715)
  (1.6179, 31.2715)
  (1.6179, 31.3715)
  (1.6179, 31.4715)
  (1.6179, 31.5715)
  (1.6179, 31.6715)
  (1.6179, 31.7715)
  (1.6179, 31.8715)
  (1.6179, 31.9715)
  (1.6179, 32.0715)
  (1.6179, 32.1715)
  (1.6179, 32.2715)
  (1.6179, 32.3715)
  (1.6179, 32.4715)
  (1.6179, 32.5715)
  (1.6179, 32.6715)
  (1.6179, 32.7715)
  (1.6179, 32.8715)
  (1.6179, 32.9715)
  (1.6179, 33.0715)
  (1.6179, 33.1715)
  (1.6179, 33.2715)
  (1.6179, 33.3715)
  (1.6179, 33.4715)
  (1.6179, 33.5715)
  (1.6179, 33.6715)
  (1.6179, 33.7715)
  (1.6179, 33.8715)
  (1.6179, 33.9715)
  (1.6179, 34.0715)
  (1.6179, 34.1715)
  (1.6179, 34.2715)
  (1.6179, 34.3715)
  (1.6179, 34.4715)
  (1.6179, 34.5715)
  (1.6179, 34.6715)
  (1.6179, 34.7715)
  (1.7179, 31.0715)
  (1.7179, 31.1715)
  (1.7179, 31.2715)
  (1.7179, 31.3715)
  (1.7179, 31.4715)
  (1.7179, 31.5715)
  (1.7179, 31.6715)
  (1.7179, 31.7715)
  (1.7179, 31.8715)
  (1.7179, 31.9715)
  (1.7179, 32.0715)
  (1.7179, 32.1715)
  (1.7179, 32.2715)
  (1.7179, 32.3715)
  (1.7179, 32.4715)
  (1.7179, 32.5715)
  (1.7179, 32.6715)
  (1.7179, 32.7715)
  (1.7179, 32.8715)
  (1.7179, 32.9715)
  (1.7179, 33.0715)
  (1.7179, 33.1715)
  (1.7179, 33.2715)
  (1.7179, 33.3715)
  (1.7179, 33.4715)
  (1.7179, 33.5715)
  (1.7179, 33.6715)
  (1.7179, 33.7715)
  (1.7179, 33.8715)
  (1.7179, 33.9715)
  (1.7179, 34.0715)
  (1.7179, 34.1715)
  (1.7179, 34.2715)
  (1.7179, 34.3715)
  (1.7179, 34.4715)
  (1.7179, 34.5715)
  (1.7179, 34.6715)
  (1.7179, 34.7715)
  (1.7179, 34.8715)
  (1.7179, 34.9715)
  (1.8179, 31.1715)
  (1.8179, 31.2715)
  (1.8179, 31.3715)
  (1.8179, 31.4715)
  (1.8179, 31.5715)
  (1.8179, 31.6715)
  (1.8179, 31.7715)
  (1.8179, 31.8715)
  (1.8179, 31.9715)
  (1.8179, 32.0715)
  (1.8179, 32.1715)
  (1.8179, 32.2715)
  (1.8179, 32.3715)
  (1.8179, 32.4715)
  (1.8179, 32.5715)
  (1.8179, 32.6715)
  (1.8179, 32.7715)
  (1.8179, 32.8715)
  (1.8179, 32.9715)
  (1.8179, 33.0715)
  (1.8179, 33.1715)
  (1.8179, 33.2715)
  (1.8179, 33.3715)
  (1.8179, 33.4715)
  (1.8179, 33.5715)
  (1.8179, 33.6715)
  (1.8179, 33.7715)
  (1.8179, 33.8715)
  (1.8179, 33.9715)
  (1.8179, 34.0715)
  (1.8179, 34.1715)
  (1.8179, 34.2715)
  (1.8179, 34.3715)
  (1.8179, 34.4715)
  (1.8179, 34.5715)
  (1.8179, 34.6715)
  (1.8179, 34.7715)
  (1.8179, 34.8715)
  (1.8179, 34.9715)
  (1.9179, 31.1715)
  (1.9179, 31.2715)
  (1.9179, 31.3715)
  (1.9179, 31.4715)
  (1.9179, 31.5715)
  (1.9179, 31.6715)
  (1.9179, 31.7715)
  (1.9179, 31.8715)
  (1.9179, 31.9715)
  (1.9179, 32.0715)
  (1.9179, 32.1715)
  (1.9179, 32.2715)
  (1.9179, 32.3715)
  (1.9179, 32.4715)
  (1.9179, 32.5715)
  (1.9179, 32.6715)
  (1.9179, 32.7715)
  (1.9179, 32.8715)
  (1.9179, 32.9715)
  (1.9179, 33.0715)
  (1.9179, 33.1715)
  (1.9179, 33.2715)
  (1.9179, 33.3715)
  (1.9179, 33.4715)
  (1.9179, 33.5715)
  (1.9179, 33.6715)
  (1.9179, 33.7715)
  (1.9179, 33.8715)
  (1.9179, 33.9715)
  (1.9179, 34.0715)
  (1.9179, 34.1715)
  (1.9179, 34.2715)
  (1.9179, 34.3715)
  (1.9179, 34.4715)
  (1.9179, 34.5715)
  (1.9179, 34.6715)
  (1.9179, 34.7715)
  (1.9179, 34.8715)
  (1.9179, 34.9715)
  (2.0179, 31.2715)
  (2.0179, 31.3715)
  (2.0179, 31.4715)
  (2.0179, 31.5715)
  (2.0179, 31.6715)
  (2.0179, 31.7715)
  (2.0179, 31.8715)
  (2.0179, 31.9715)
  (2.0179, 32.0715)
  (2.0179, 32.1715)
  (2.0179, 32.2715)
  (2.0179, 32.3715)
  (2.0179, 32.4715)
  (2.0179, 32.5715)
  (2.0179, 32.6715)
  (2.0179, 32.7715)
  (2.0179, 32.8715)
  (2.0179, 32.9715)
  (2.0179, 33.0715)
  (2.0179, 33.1715)
  (2.0179, 33.2715)
  (2.0179, 33.3715)
  (2.0179, 33.4715)
  (2.0179, 33.5715)
  (2.0179, 33.6715)
  (2.0179, 33.7715)
  (2.0179, 33.8715)
  (2.0179, 33.9715)
  (2.0179, 34.0715)
  (2.0179, 34.1715)
  (2.0179, 34.2715)
  (2.0179, 34.3715)
  (2.0179, 34.4715)
  (2.0179, 34.5715)
  (2.0179, 34.6715)
  (2.0179, 34.7715)
  (2.0179, 34.8715)
  (2.0179, 34.9715)
  (2.1179, 31.3715)
  (2.1179, 31.4715)
  (2.1179, 31.5715)
  (2.1179, 31.6715)
  (2.1179, 31.7715)
  (2.1179, 31.8715)
  (2.1179, 31.9715)
  (2.1179, 32.0715)
  (2.1179, 32.1715)
  (2.1179, 32.2715)
  (2.1179, 32.3715)
  (2.1179, 32.4715)
  (2.1179, 32.5715)
  (2.1179, 32.6715)
  (2.1179, 32.7715)
  (2.1179, 32.8715)
  (2.1179, 32.9715)
  (2.1179, 33.0715)
  (2.1179, 33.1715)
  (2.1179, 33.2715)
  (2.1179, 33.3715)
  (2.1179, 33.4715)
  (2.1179, 33.5715)
  (2.1179, 33.6715)
  (2.1179, 33.7715)
  (2.1179, 33.8715)
  (2.1179, 33.9715)
  (2.1179, 34.0715)
  (2.1179, 34.1715)
  (2.1179, 34.2715)
  (2.1179, 34.3715)
  (2.1179, 34.4715)
  (2.1179, 34.5715)
  (2.1179, 34.6715)
  (2.1179, 34.7715)
  (2.1179, 34.8715)
  (2.2179, 31.2715)
  (2.2179, 31.3715)
  (2.2179, 31.4715)
  (2.2179, 31.5715)
  (2.2179, 31.6715)
  (2.2179, 31.7715)
  (2.2179, 31.8715)
  (2.2179, 31.9715)
  (2.2179, 32.0715)
  (2.2179, 32.1715)
  (2.2179, 32.2715)
  (2.2179, 32.3715)
  (2.2179, 32.4715)
  (2.2179, 32.5715)
  (2.2179, 32.6715)
  (2.2179, 32.7715)
  (2.2179, 32.8715)
  (2.2179, 32.9715)
  (2.2179, 33.0715)
  (2.2179, 33.1715)
  (2.2179, 33.2715)
  (2.2179, 33.3715)
  (2.2179, 33.4715)
  (2.2179, 33.5715)
  (2.2179, 33.6715)
  (2.2179, 33.7715)
  (2.2179, 33.8715)
  (2.2179, 33.9715)
  (2.2179, 34.0715)
  (2.2179, 34.1715)
  (2.2179, 34.2715)
  (2.2179, 34.3715)
  (2.2179, 34.4715)
  (2.2179, 34.5715)
  (2.2179, 34.6715)
  (2.2179, 34.7715)
  (2.2179, 34.8715)
  (2.3179, 31.1715)
  (2.3179, 31.2715)
  (2.3179, 31.3715)
  (2.3179, 31.4715)
  (2.3179, 31.5715)
  (2.3179, 31.6715)
  (2.3179, 31.7715)
  (2.3179, 31.8715)
  (2.3179, 31.9715)
  (2.3179, 32.0715)
  (2.3179, 32.1715)
  (2.3179, 32.2715)
  (2.3179, 32.3715)
  (2.3179, 32.4715)
  (2.3179, 32.5715)
  (2.3179, 32.6715)
  (2.3179, 32.7715)
  (2.3179, 32.8715)
  (2.3179, 32.9715)
  (2.3179, 33.0715)
  (2.3179, 33.1715)
  (2.3179, 33.2715)
  (2.3179, 33.3715)
  (2.3179, 33.4715)
  (2.3179, 33.5715)
  (2.3179, 33.6715)
  (2.3179, 33.7715)
  (2.3179, 33.8715)
  (2.3179, 33.9715)
  (2.3179, 34.0715)
  (2.3179, 34.1715)
  (2.3179, 34.2715)
  (2.3179, 34.3715)
  (2.3179, 34.4715)
  (2.3179, 34.5715)
  (2.3179, 34.6715)
  (2.3179, 34.7715)
  (2.3179, 34.8715)
  (2.4179, 30.8715)
  (2.4179, 30.9715)
  (2.4179, 31.0715)
  (2.4179, 31.1715)
  (2.4179, 31.2715)
  (2.4179, 31.3715)
  (2.4179, 31.4715)
  (2.4179, 31.5715)
  (2.4179, 31.6715)
  (2.4179, 31.7715)
  (2.4179, 31.8715)
  (2.4179, 31.9715)
  (2.4179, 32.0715)
  (2.4179, 32.1715)
  (2.4179, 32.2715)
  (2.4179, 32.3715)
  (2.4179, 32.4715)
  (2.4179, 32.5715)
  (2.4179, 32.6715)
  (2.4179, 32.7715)
  (2.4179, 32.8715)
  (2.4179, 32.9715)
  (2.4179, 33.0715)
  (2.4179, 33.1715)
  (2.4179, 33.2715)
  (2.4179, 33.3715)
  (2.4179, 33.4715)
  (2.4179, 33.5715)
  (2.4179, 33.6715)
  (2.4179, 33.7715)
  (2.4179, 33.8715)
  (2.4179, 33.9715)
  (2.4179, 34.0715)
  (2.4179, 34.1715)
  (2.4179, 34.2715)
  (2.4179, 34.3715)
  (2.4179, 34.4715)
  (2.4179, 34.5715)
  (2.4179, 34.6715)
  (2.4179, 34.7715)
  (2.4179, 34.8715)
  (2.5179, 30.7715)
  (2.5179, 30.8715)
  (2.5179, 30.9715)
  (2.5179, 31.0715)
  (2.5179, 31.1715)
  (2.5179, 31.2715)
  (2.5179, 31.3715)
  (2.5179, 31.4715)
  (2.5179, 31.5715)
  (2.5179, 31.6715)
  (2.5179, 31.7715)
  (2.5179, 31.8715)
  (2.5179, 31.9715)
  (2.5179, 32.0715)
  (2.5179, 32.1715)
  (2.5179, 32.2715)
  (2.5179, 32.3715)
  (2.5179, 32.4715)
  (2.5179, 32.5715)
  (2.5179, 32.6715)
  (2.5179, 32.7715)
  (2.5179, 32.8715)
  (2.5179, 32.9715)
  (2.5179, 33.0715)
  (2.5179, 33.1715)
  (2.5179, 33.2715)
  (2.5179, 33.3715)
  (2.5179, 33.4715)
  (2.5179, 33.5715)
  (2.5179, 33.6715)
  (2.5179, 33.7715)
  (2.5179, 33.8715)
  (2.5179, 33.9715)
  (2.5179, 34.0715)
  (2.5179, 34.1715)
  (2.5179, 34.2715)
  (2.5179, 34.3715)
  (2.5179, 34.4715)
  (2.5179, 34.5715)
  (2.5179, 34.6715)
  (2.5179, 34.7715)
  (2.5179, 34.8715)
  (2.6179, 30.8715)
  (2.6179, 30.9715)
  (2.6179, 31.0715)
  (2.6179, 31.1715)
  (2.6179, 31.2715)
  (2.6179, 31.3715)
  (2.6179, 31.4715)
  (2.6179, 31.5715)
  (2.6179, 31.6715)
  (2.6179, 31.7715)
  (2.6179, 31.8715)
  (2.6179, 31.9715)
  (2.6179, 32.0715)
  (2.6179, 32.1715)
  (2.6179, 32.2715)
  (2.6179, 32.3715)
  (2.6179, 32.4715)
  (2.6179, 32.5715)
  (2.6179, 32.6715)
  (2.6179, 32.7715)
  (2.6179, 32.8715)
  (2.6179, 32.9715)
  (2.6179, 33.0715)
  (2.6179, 33.1715)
  (2.6179, 33.2715)
  (2.6179, 33.3715)
  (2.6179, 33.4715)
  (2.6179, 33.5715)
  (2.6179, 33.6715)
  (2.6179, 33.7715)
  (2.6179, 33.8715)
  (2.6179, 33.9715)
  (2.6179, 34.0715)
  (2.6179, 34.1715)
  (2.6179, 34.2715)
  (2.6179, 34.3715)
  (2.6179, 34.4715)
  (2.6179, 34.5715)
  (2.6179, 34.6715)
  (2.6179, 34.7715)
  (2.7179, 30.8715)
  (2.7179, 30.9715)
  (2.7179, 31.0715)
  (2.7179, 31.1715)
  (2.7179, 31.2715)
  (2.7179, 31.3715)
  (2.7179, 31.4715)
  (2.7179, 31.5715)
  (2.7179, 31.6715)
  (2.7179, 31.7715)
  (2.7179, 31.8715)
  (2.7179, 31.9715)
  (2.7179, 32.0715)
  (2.7179, 32.1715)
  (2.7179, 32.2715)
  (2.7179, 32.3715)
  (2.7179, 32.4715)
  (2.7179, 32.5715)
  (2.7179, 32.6715)
  (2.7179, 32.7715)
  (2.7179, 32.8715)
  (2.7179, 32.9715)
  (2.7179, 33.0715)
  (2.7179, 33.1715)
  (2.7179, 33.2715)
  (2.7179, 33.3715)
  (2.7179, 33.4715)
  (2.7179, 33.5715)
  (2.7179, 33.6715)
  (2.7179, 33.7715)
  (2.7179, 33.8715)
  (2.7179, 33.9715)
  (2.7179, 34.0715)
  (2.7179, 34.1715)
  (2.7179, 34.2715)
  (2.7179, 34.3715)
  (2.7179, 34.4715)
  (2.7179, 34.5715)
  (2.7179, 34.6715)
  (2.7179, 34.7715)
  (2.8179, 30.9715)
  (2.8179, 31.0715)
  (2.8179, 31.1715)
  (2.8179, 31.2715)
  (2.8179, 31.3715)
  (2.8179, 31.4715)
  (2.8179, 31.5715)
  (2.8179, 31.6715)
  (2.8179, 31.7715)
  (2.8179, 31.8715)
  (2.8179, 31.9715)
  (2.8179, 32.0715)
  (2.8179, 32.1715)
  (2.8179, 32.2715)
  (2.8179, 32.3715)
  (2.8179, 32.4715)
  (2.8179, 32.5715)
  (2.8179, 32.6715)
  (2.8179, 32.7715)
  (2.8179, 32.8715)
  (2.8179, 32.9715)
  (2.8179, 33.0715)
  (2.8179, 33.1715)
  (2.8179, 33.2715)
  (2.8179, 33.3715)
  (2.8179, 33.4715)
  (2.8179, 33.5715)
  (2.8179, 33.6715)
  (2.8179, 33.7715)
  (2.8179, 33.8715)
  (2.8179, 33.9715)
  (2.8179, 34.0715)
  (2.8179, 34.1715)
  (2.8179, 34.2715)
  (2.8179, 34.3715)
  (2.8179, 34.4715)
  (2.8179, 34.5715)
  (2.8179, 34.6715)
  (2.9179, 30.8715)
  (2.9179, 30.9715)
  (2.9179, 31.0715)
  (2.9179, 31.1715)
  (2.9179, 31.2715)
  (2.9179, 31.3715)
  (2.9179, 31.4715)
  (2.9179, 31.5715)
  (2.9179, 31.6715)
  (2.9179, 31.7715)
  (2.9179, 31.8715)
  (2.9179, 31.9715)
  (2.9179, 32.0715)
  (2.9179, 32.1715)
  (2.9179, 32.2715)
  (2.9179, 32.3715)
  (2.9179, 32.4715)
  (2.9179, 32.5715)
  (2.9179, 32.6715)
  (2.9179, 32.7715)
  (2.9179, 32.8715)
  (2.9179, 32.9715)
  (2.9179, 33.0715)
  (2.9179, 33.1715)
  (2.9179, 33.2715)
  (2.9179, 33.3715)
  (2.9179, 33.4715)
  (2.9179, 33.5715)
  (2.9179, 33.6715)
  (2.9179, 33.7715)
  (2.9179, 33.8715)
  (2.9179, 33.9715)
  (2.9179, 34.0715)
  (2.9179, 34.1715)
  (2.9179, 34.2715)
  (2.9179, 34.3715)
  (2.9179, 34.4715)
  (2.9179, 34.5715)
  (3.0179, 30.8715)
  (3.0179, 30.9715)
  (3.0179, 31.0715)
  (3.0179, 31.1715)
  (3.0179, 31.2715)
  (3.0179, 31.3715)
  (3.0179, 31.4715)
  (3.0179, 31.5715)
  (3.0179, 31.6715)
  (3.0179, 31.7715)
  (3.0179, 31.8715)
  (3.0179, 31.9715)
  (3.0179, 32.0715)
  (3.0179, 32.1715)
  (3.0179, 32.2715)
  (3.0179, 32.3715)
  (3.0179, 32.4715)
  (3.0179, 32.5715)
  (3.0179, 32.6715)
  (3.0179, 32.7715)
  (3.0179, 32.8715)
  (3.0179, 32.9715)
  (3.0179, 33.0715)
  (3.0179, 33.1715)
  (3.0179, 33.2715)
  (3.0179, 33.3715)
  (3.0179, 33.4715)
  (3.0179, 33.5715)
  (3.0179, 33.6715)
  (3.0179, 33.7715)
  (3.0179, 33.8715)
  (3.0179, 33.9715)
  (3.0179, 34.0715)
  (3.0179, 34.1715)
  (3.0179, 34.2715)
  (3.0179, 34.3715)
  (3.0179, 34.4715)
  (3.0179, 34.5715)
  (3.1179, 30.8715)
  (3.1179, 30.9715)
  (3.1179, 31.0715)
  (3.1179, 31.1715)
  (3.1179, 31.2715)
  (3.1179, 31.3715)
  (3.1179, 31.4715)
  (3.1179, 31.5715)
  (3.1179, 31.6715)
  (3.1179, 31.7715)
  (3.1179, 31.8715)
  (3.1179, 31.9715)
  (3.1179, 32.0715)
  (3.1179, 32.1715)
  (3.1179, 32.2715)
  (3.1179, 32.3715)
  (3.1179, 32.4715)
  (3.1179, 32.5715)
  (3.1179, 32.6715)
  (3.1179, 32.7715)
  (3.1179, 32.8715)
  (3.1179, 32.9715)
  (3.1179, 33.0715)
  (3.1179, 33.1715)
  (3.1179, 33.2715)
  (3.1179, 33.3715)
  (3.1179, 33.4715)
  (3.1179, 33.5715)
  (3.1179, 33.6715)
  (3.1179, 33.7715)
  (3.1179, 33.8715)
  (3.1179, 33.9715)
  (3.1179, 34.0715)
  (3.1179, 34.1715)
  (3.1179, 34.2715)
  (3.1179, 34.3715)
  (3.1179, 34.4715)
  (3.2179, 30.8715)
  (3.2179, 30.9715)
  (3.2179, 31.0715)
  (3.2179, 31.1715)
  (3.2179, 31.2715)
  (3.2179, 31.3715)
  (3.2179, 31.4715)
  (3.2179, 31.5715)
  (3.2179, 31.6715)
  (3.2179, 31.7715)
  (3.2179, 31.8715)
  (3.2179, 31.9715)
  (3.2179, 32.0715)
  (3.2179, 32.1715)
  (3.2179, 32.2715)
  (3.2179, 32.3715)
  (3.2179, 32.4715)
  (3.2179, 32.5715)
  (3.2179, 32.6715)
  (3.2179, 32.7715)
  (3.2179, 32.8715)
  (3.2179, 32.9715)
  (3.2179, 33.0715)
  (3.2179, 33.1715)
  (3.2179, 33.2715)
  (3.2179, 33.3715)
  (3.2179, 33.4715)
  (3.2179, 33.5715)
  (3.2179, 33.6715)
  (3.2179, 33.7715)
  (3.2179, 33.8715)
  (3.2179, 33.9715)
  (3.2179, 34.0715)
  (3.2179, 34.1715)
  (3.2179, 34.2715)
  (3.2179, 34.3715)
  (3.3179, 30.9715)
  (3.3179, 31.0715)
  (3.3179, 31.1715)
  (3.3179, 31.2715)
  (3.3179, 31.3715)
  (3.3179, 31.4715)
  (3.3179, 31.5715)
  (3.3179, 31.6715)
  (3.3179, 31.7715)
  (3.3179, 31.8715)
  (3.3179, 31.9715)
  (3.3179, 32.0715)
  (3.3179, 32.1715)
  (3.3179, 32.2715)
  (3.3179, 32.3715)
  (3.3179, 32.4715)
  (3.3179, 32.5715)
  (3.3179, 32.6715)
  (3.3179, 32.7715)
  (3.3179, 32.8715)
  (3.3179, 32.9715)
  (3.3179, 33.0715)
  (3.3179, 33.1715)
  (3.3179, 33.2715)
  (3.3179, 33.3715)
  (3.3179, 33.4715)
  (3.3179, 33.6715)
  (3.3179, 33.7715)
  (3.3179, 33.8715)
  (3.3179, 33.9715)
  (3.3179, 34.0715)
  (3.3179, 34.1715)
  (3.3179, 34.2715)
  (3.3179, 34.3715)
  (3.4179, 30.9715)
  (3.4179, 31.0715)
  (3.4179, 31.1715)
  (3.4179, 31.2715)
  (3.4179, 31.3715)
  (3.4179, 31.4715)
  (3.4179, 31.5715)
  (3.4179, 31.6715)
  (3.4179, 31.7715)
  (3.4179, 31.8715)
  (3.4179, 31.9715)
  (3.4179, 32.0715)
  (3.4179, 32.1715)
  (3.4179, 32.2715)
  (3.4179, 32.3715)
  (3.4179, 32.4715)
  (3.4179, 32.5715)
  (3.4179, 32.6715)
  (3.4179, 32.7715)
  (3.4179, 32.8715)
  (3.4179, 32.9715)
  (3.4179, 33.0715)
  (3.4179, 33.1715)
  (3.4179, 33.2715)
  (3.4179, 33.3715)
  (3.4179, 33.4715)
  (3.4179, 33.5715)
  (3.4179, 33.6715)
  (3.4179, 33.7715)
  (3.4179, 33.8715)
  (3.4179, 33.9715)
  (3.4179, 34.0715)
  (3.4179, 34.1715)
  (3.4179, 34.2715)
  (3.4179, 34.3715)
  (3.5179, 30.9715)
  (3.5179, 31.0715)
  (3.5179, 31.1715)
  (3.5179, 31.2715)
  (3.5179, 31.3715)
  (3.5179, 31.4715)
  (3.5179, 31.5715)
  (3.5179, 31.6715)
  (3.5179, 31.7715)
  (3.5179, 31.8715)
  (3.5179, 31.9715)
  (3.5179, 32.0715)
  (3.5179, 32.2715)
  (3.5179, 32.3715)
  (3.5179, 32.4715)
  (3.5179, 32.5715)
  (3.5179, 32.6715)
  (3.5179, 32.7715)
  (3.5179, 32.8715)
  (3.5179, 32.9715)
  (3.5179, 33.0715)
  (3.5179, 33.1715)
  (3.5179, 33.2715)
  (3.5179, 33.3715)
  (3.5179, 33.4715)
  (3.5179, 33.5715)
  (3.5179, 33.6715)
  (3.5179, 33.7715)
  (3.5179, 33.8715)
  (3.5179, 33.9715)
  (3.5179, 34.0715)
  (3.5179, 34.1715)
  (3.5179, 34.2715)
  (3.5179, 34.3715)
  (3.6179, 30.9715)
  (3.6179, 31.0715)
  (3.6179, 31.1715)
  (3.6179, 31.2715)
  (3.6179, 31.3715)
  (3.6179, 31.4715)
  (3.6179, 31.5715)
  (3.6179, 31.6715)
  (3.6179, 31.7715)
  (3.6179, 31.8715)
  (3.6179, 32.2715)
  (3.6179, 32.3715)
  (3.6179, 32.4715)
  (3.6179, 32.5715)
  (3.6179, 32.6715)
  (3.6179, 32.7715)
  (3.6179, 32.8715)
  (3.6179, 32.9715)
  (3.6179, 33.0715)
  (3.6179, 33.1715)
  (3.6179, 33.2715)
  (3.6179, 33.3715)
  (3.6179, 33.4715)
  (3.6179, 33.5715)
  (3.6179, 33.6715)
  (3.6179, 33.7715)
  (3.6179, 33.8715)
  (3.6179, 33.9715)
  (3.6179, 34.0715)
  (3.6179, 34.1715)
  (3.6179, 34.2715)
  (3.6179, 34.3715)
  (3.7179, 31.0715)
  (3.7179, 31.1715)
  (3.7179, 31.2715)
  (3.7179, 31.3715)
  (3.7179, 31.7715)
  (3.7179, 31.8715)
  (3.7179, 32.4715)
  (3.7179, 32.5715)
  (3.7179, 32.6715)
  (3.7179, 32.7715)
  (3.7179, 32.8715)
  (3.7179, 32.9715)
  (3.7179, 33.0715)
  (3.7179, 33.1715)
  (3.7179, 33.2715)
  (3.7179, 33.3715)
  (3.7179, 33.4715)
  (3.7179, 33.5715)
  (3.7179, 33.6715)
  (3.7179, 33.7715)
  (3.7179, 33.8715)
  (3.7179, 33.9715)
  (3.7179, 34.0715)
  (3.7179, 34.1715)
  (3.7179, 34.2715)
  (3.7179, 34.3715)
  (3.8179, 32.9715)
  (3.8179, 33.0715)
  (3.8179, 33.6715)
  (3.8179, 33.7715)
  (3.8179, 33.8715)
  (3.8179, 33.9715)
  (3.8179, 34.0715)
  (3.9179, 33.7715)
  (3.9179, 33.8715)
  (3.9179, 33.9715)
  (3.9179, 34.0715)
  (4.0179, 33.8715)
  (4.0179, 33.9715)
  (4.1179, 33.9715)
  (4.2179, 33.9715)
Downloading products: ['GHI', 'DNI', 'DHI']
----------------------------------------

Skipping grid point 1/1962: (Lat=-1.38, Lon=29.67) - Already downloaded

Skipping grid point 2/1962: (Lat=-1.38, Lon=29.97) - Already downloaded

Skipping grid point 3/1962: (Lat=-1.28, Lon=29.67) - Already downloaded

Skipping grid point 4/1962: (Lat=-1.28, Lon=29.77) - Already downloaded

Skipping grid point 5/1962: (Lat=-1.28, Lon=29.87) - Already downloaded

Skipping grid point 6/1962: (Lat=-1.28, Lon=29.97) - Already downloaded

Skipping grid point 7/1962: (Lat=-1.28, Lon=30.07) - Already downloaded

Skipping grid point 8/1962: (Lat=-1.18, Lon=29.67) - Already downloaded

Skipping grid point 9/1962: (Lat=-1.18, Lon=29.77) - Already downloaded

Skipping grid point 10/1962: (Lat=-1.18, Lon=29.87) - Already downloaded

Skipping grid point 11/1962: (Lat=-1.18, Lon=29.97) - Already downloaded

Skipping grid point 12/1962: (Lat=-1.18, Lon=30.07) - Already downloaded

Skipping grid point 13/1962: (Lat=-1.18, Lon=30.17) - Already downloaded

Skipping grid point 14/1962: (Lat=-1.18, Lon=30.27) - Already downloaded

Skipping grid point 15/1962: (Lat=-1.08, Lon=29.67) - Already downloaded

Skipping grid point 16/1962: (Lat=-1.08, Lon=29.77) - Already downloaded

Skipping grid point 17/1962: (Lat=-1.08, Lon=29.87) - Already downloaded

Skipping grid point 18/1962: (Lat=-1.08, Lon=29.97) - Already downloaded

Skipping grid point 19/1962: (Lat=-1.08, Lon=30.07) - Already downloaded

Skipping grid point 20/1962: (Lat=-1.08, Lon=30.17) - Already downloaded

Skipping grid point 21/1962: (Lat=-1.08, Lon=30.27) - Already downloaded

Skipping grid point 22/1962: (Lat=-0.98, Lon=29.67) - Already downloaded

Skipping grid point 23/1962: (Lat=-0.98, Lon=29.77) - Already downloaded

Skipping grid point 24/1962: (Lat=-0.98, Lon=29.87) - Already downloaded

Skipping grid point 25/1962: (Lat=-0.98, Lon=29.97) - Already downloaded

Skipping grid point 26/1962: (Lat=-0.98, Lon=30.07) - Already downloaded

Skipping grid point 27/1962: (Lat=-0.98, Lon=30.17) - Already downloaded

Skipping grid point 28/1962: (Lat=-0.98, Lon=30.27) - Already downloaded

Skipping grid point 29/1962: (Lat=-0.98, Lon=30.37) - Already downloaded

Skipping grid point 30/1962: (Lat=-0.98, Lon=30.47) - Already downloaded

Skipping grid point 31/1962: (Lat=-0.98, Lon=30.57) - Already downloaded

Skipping grid point 32/1962: (Lat=-0.98, Lon=30.67) - Already downloaded

Skipping grid point 33/1962: (Lat=-0.98, Lon=30.77) - Already downloaded

Skipping grid point 34/1962: (Lat=-0.98, Lon=30.87) - Already downloaded

Skipping grid point 35/1962: (Lat=-0.98, Lon=30.97) - Already downloaded

Skipping grid point 36/1962: (Lat=-0.98, Lon=31.07) - Already downloaded

Skipping grid point 37/1962: (Lat=-0.98, Lon=31.17) - Already downloaded

Skipping grid point 38/1962: (Lat=-0.98, Lon=31.27) - Already downloaded

Skipping grid point 39/1962: (Lat=-0.98, Lon=31.37) - Already downloaded

Skipping grid point 40/1962: (Lat=-0.98, Lon=31.47) - Already downloaded

Processing grid point 41/1962: (Lat=-0.98, Lon=31.57)
  ✓ Success! Converted result to DataFrame with 366 rows and wrote to scripts/NASA_power_ug_data.csv.

Skipping grid point 42/1962: (Lat=-0.98, Lon=31.67) - Already downloaded

Skipping grid point 43/1962: (Lat=-0.98, Lon=31.77) - Already downloaded

Skipping grid point 44/1962: (Lat=-0.98, Lon=31.87) - Already downloaded

Skipping grid point 45/1962: (Lat=-0.98, Lon=31.97) - Already downloaded

Skipping grid point 46/1962: (Lat=-0.98, Lon=32.07) - Already downloaded

Skipping grid point 47/1962: (Lat=-0.98, Lon=32.17) - Already downloaded

Skipping grid point 48/1962: (Lat=-0.98, Lon=32.27) - Already downloaded

Skipping grid point 49/1962: (Lat=-0.98, Lon=32.37) - Already downloaded

Skipping grid point 50/1962: (Lat=-0.98, Lon=32.47) - Already downloaded

Skipping grid point 51/1962: (Lat=-0.98, Lon=32.57) - Already downloaded

Skipping grid point 52/1962: (Lat=-0.98, Lon=32.67) - Already downloaded

Skipping grid point 53/1962: (Lat=-0.98, Lon=32.77) - Already downloaded

Skipping grid point 54/1962: (Lat=-0.98, Lon=32.87) - Already downloaded

Skipping grid point 55/1962: (Lat=-0.98, Lon=32.97) - Already downloaded

Skipping grid point 56/1962: (Lat=-0.98, Lon=33.07) - Already downloaded

Skipping grid point 57/1962: (Lat=-0.98, Lon=33.17) - Already downloaded

Skipping grid point 58/1962: (Lat=-0.98, Lon=33.27) - Already downloaded

Skipping grid point 59/1962: (Lat=-0.98, Lon=33.37) - Already downloaded

Skipping grid point 60/1962: (Lat=-0.98, Lon=33.47) - Already downloaded

Skipping grid point 61/1962: (Lat=-0.98, Lon=33.57) - Already downloaded

Skipping grid point 62/1962: (Lat=-0.98, Lon=33.67) - Already downloaded

Processing grid point 63/1962: (Lat=-0.98, Lon=33.77)
  ✓ Success! Converted result to DataFrame with 366 rows and wrote to scripts/NASA_power_ug_data.csv.

Skipping grid point 64/1962: (Lat=-0.98, Lon=33.87) - Already downloaded

Skipping grid point 65/1962: (Lat=-0.88, Lon=29.67) - Already downloaded

Skipping grid point 66/1962: (Lat=-0.88, Lon=29.77) - Already downloaded

Skipping grid point 67/1962: (Lat=-0.88, Lon=29.87) - Already downloaded

Skipping grid point 68/1962: (Lat=-0.88, Lon=29.97) - Already downloaded

Skipping grid point 69/1962: (Lat=-0.88, Lon=30.07) - Already downloaded

Skipping grid point 70/1962: (Lat=-0.88, Lon=30.17) - Already downloaded

Skipping grid point 71/1962: (Lat=-0.88, Lon=30.27) - Already downloaded

Skipping grid point 72/1962: (Lat=-0.88, Lon=30.37) - Already downloaded

Skipping grid point 73/1962: (Lat=-0.88, Lon=30.47) - Already downloaded

Skipping grid point 74/1962: (Lat=-0.88, Lon=30.57) - Already downloaded

Skipping grid point 75/1962: (Lat=-0.88, Lon=30.67) - Already downloaded

Skipping grid point 76/1962: (Lat=-0.88, Lon=30.77) - Already downloaded

Skipping grid point 77/1962: (Lat=-0.88, Lon=30.87) - Already downloaded

Skipping grid point 78/1962: (Lat=-0.88, Lon=30.97) - Already downloaded

Skipping grid point 79/1962: (Lat=-0.88, Lon=31.07) - Already downloaded

Skipping grid point 80/1962: (Lat=-0.88, Lon=31.17) - Already downloaded

Skipping grid point 81/1962: (Lat=-0.88, Lon=31.27) - Already downloaded

Skipping grid point 82/1962: (Lat=-0.88, Lon=31.37) - Already downloaded

Skipping grid point 83/1962: (Lat=-0.88, Lon=31.47) - Already downloaded

Skipping grid point 84/1962: (Lat=-0.88, Lon=31.57) - Already downloaded

Skipping grid point 85/1962: (Lat=-0.88, Lon=31.67) - Already downloaded

Skipping grid point 86/1962: (Lat=-0.88, Lon=31.77) - Already downloaded

Skipping grid point 87/1962: (Lat=-0.88, Lon=31.87) - Already downloaded

Skipping grid point 88/1962: (Lat=-0.88, Lon=31.97) - Already downloaded

Skipping grid point 89/1962: (Lat=-0.88, Lon=32.07) - Already downloaded

Skipping grid point 90/1962: (Lat=-0.88, Lon=32.17) - Already downloaded

Skipping grid point 91/1962: (Lat=-0.88, Lon=32.27) - Already downloaded

Skipping grid point 92/1962: (Lat=-0.88, Lon=32.37) - Already downloaded

Skipping grid point 93/1962: (Lat=-0.88, Lon=32.47) - Already downloaded

Skipping grid point 94/1962: (Lat=-0.88, Lon=32.57) - Already downloaded

Skipping grid point 95/1962: (Lat=-0.88, Lon=32.67) - Already downloaded

Skipping grid point 96/1962: (Lat=-0.88, Lon=32.77) - Already downloaded

Skipping grid point 97/1962: (Lat=-0.88, Lon=32.87) - Already downloaded

Skipping grid point 98/1962: (Lat=-0.88, Lon=32.97) - Already downloaded

Skipping grid point 99/1962: (Lat=-0.88, Lon=33.07) - Already downloaded

Skipping grid point 100/1962: (Lat=-0.88, Lon=33.17) - Already downloaded

Skipping grid point 101/1962: (Lat=-0.88, Lon=33.27) - Already downloaded

Skipping grid point 102/1962: (Lat=-0.88, Lon=33.37) - Already downloaded

Skipping grid point 103/1962: (Lat=-0.88, Lon=33.47) - Already downloaded

Skipping grid point 104/1962: (Lat=-0.88, Lon=33.57) - Already downloaded

Skipping grid point 105/1962: (Lat=-0.88, Lon=33.67) - Already downloaded

Skipping grid point 106/1962: (Lat=-0.88, Lon=33.77) - Already downloaded

Skipping grid point 107/1962: (Lat=-0.88, Lon=33.87) - Already downloaded

Skipping grid point 108/1962: (Lat=-0.78, Lon=29.67) - Already downloaded

Skipping grid point 109/1962: (Lat=-0.78, Lon=29.77) - Already downloaded

Skipping grid point 110/1962: (Lat=-0.78, Lon=29.87) - Already downloaded

Skipping grid point 111/1962: (Lat=-0.78, Lon=29.97) - Already downloaded

Skipping grid point 112/1962: (Lat=-0.78, Lon=30.07) - Already downloaded

Skipping grid point 113/1962: (Lat=-0.78, Lon=30.17) - Already downloaded

Skipping grid point 114/1962: (Lat=-0.78, Lon=30.27) - Already downloaded

Skipping grid point 115/1962: (Lat=-0.78, Lon=30.37) - Already downloaded

Skipping grid point 116/1962: (Lat=-0.78, Lon=30.47) - Already downloaded

Skipping grid point 117/1962: (Lat=-0.78, Lon=30.57) - Already downloaded

Skipping grid point 118/1962: (Lat=-0.78, Lon=30.67) - Already downloaded

Skipping grid point 119/1962: (Lat=-0.78, Lon=30.77) - Already downloaded

Skipping grid point 120/1962: (Lat=-0.78, Lon=30.87) - Already downloaded

Skipping grid point 121/1962: (Lat=-0.78, Lon=30.97) - Already downloaded

Skipping grid point 122/1962: (Lat=-0.78, Lon=31.07) - Already downloaded

Skipping grid point 123/1962: (Lat=-0.78, Lon=31.17) - Already downloaded

Skipping grid point 124/1962: (Lat=-0.78, Lon=31.27) - Already downloaded

Skipping grid point 125/1962: (Lat=-0.78, Lon=31.37) - Already downloaded

Skipping grid point 126/1962: (Lat=-0.78, Lon=31.47) - Already downloaded

Skipping grid point 127/1962: (Lat=-0.78, Lon=31.57) - Already downloaded

Skipping grid point 128/1962: (Lat=-0.78, Lon=31.67) - Already downloaded

Skipping grid point 129/1962: (Lat=-0.78, Lon=31.77) - Already downloaded

Skipping grid point 130/1962: (Lat=-0.78, Lon=31.87) - Already downloaded

Skipping grid point 131/1962: (Lat=-0.78, Lon=31.97) - Already downloaded

Skipping grid point 132/1962: (Lat=-0.78, Lon=32.07) - Already downloaded

Skipping grid point 133/1962: (Lat=-0.78, Lon=32.17) - Already downloaded

Skipping grid point 134/1962: (Lat=-0.78, Lon=32.27) - Already downloaded

Skipping grid point 135/1962: (Lat=-0.78, Lon=32.37) - Already downloaded

Skipping grid point 136/1962: (Lat=-0.78, Lon=32.47) - Already downloaded

Skipping grid point 137/1962: (Lat=-0.78, Lon=32.57) - Already downloaded

Skipping grid point 138/1962: (Lat=-0.78, Lon=32.67) - Already downloaded

Skipping grid point 139/1962: (Lat=-0.78, Lon=32.77) - Already downloaded

Skipping grid point 140/1962: (Lat=-0.78, Lon=32.87) - Already downloaded

Skipping grid point 141/1962: (Lat=-0.78, Lon=32.97) - Already downloaded

Skipping grid point 142/1962: (Lat=-0.78, Lon=33.07) - Already downloaded

Skipping grid point 143/1962: (Lat=-0.78, Lon=33.17) - Already downloaded

Skipping grid point 144/1962: (Lat=-0.78, Lon=33.27) - Already downloaded

Skipping grid point 145/1962: (Lat=-0.78, Lon=33.37) - Already downloaded

Skipping grid point 146/1962: (Lat=-0.78, Lon=33.47) - Already downloaded

Skipping grid point 147/1962: (Lat=-0.78, Lon=33.57) - Already downloaded

Skipping grid point 148/1962: (Lat=-0.78, Lon=33.67) - Already downloaded

Skipping grid point 149/1962: (Lat=-0.78, Lon=33.77) - Already downloaded

Skipping grid point 150/1962: (Lat=-0.78, Lon=33.87) - Already downloaded

Skipping grid point 151/1962: (Lat=-0.68, Lon=29.67) - Already downloaded

Skipping grid point 152/1962: (Lat=-0.68, Lon=29.77) - Already downloaded

Skipping grid point 153/1962: (Lat=-0.68, Lon=29.87) - Already downloaded

Skipping grid point 154/1962: (Lat=-0.68, Lon=29.97) - Already downloaded

Skipping grid point 155/1962: (Lat=-0.68, Lon=30.07) - Already downloaded

Skipping grid point 156/1962: (Lat=-0.68, Lon=30.17) - Already downloaded

Skipping grid point 157/1962: (Lat=-0.68, Lon=30.27) - Already downloaded

Skipping grid point 158/1962: (Lat=-0.68, Lon=30.37) - Already downloaded

Skipping grid point 159/1962: (Lat=-0.68, Lon=30.47) - Already downloaded

Skipping grid point 160/1962: (Lat=-0.68, Lon=30.57) - Already downloaded

Skipping grid point 161/1962: (Lat=-0.68, Lon=30.67) - Already downloaded

Skipping grid point 162/1962: (Lat=-0.68, Lon=30.77) - Already downloaded

Skipping grid point 163/1962: (Lat=-0.68, Lon=30.87) - Already downloaded

Skipping grid point 164/1962: (Lat=-0.68, Lon=30.97) - Already downloaded

Skipping grid point 165/1962: (Lat=-0.68, Lon=31.07) - Already downloaded

Skipping grid point 166/1962: (Lat=-0.68, Lon=31.17) - Already downloaded

Skipping grid point 167/1962: (Lat=-0.68, Lon=31.27) - Already downloaded

Skipping grid point 168/1962: (Lat=-0.68, Lon=31.37) - Already downloaded

Skipping grid point 169/1962: (Lat=-0.68, Lon=31.47) - Already downloaded

Skipping grid point 170/1962: (Lat=-0.68, Lon=31.57) - Already downloaded

Skipping grid point 171/1962: (Lat=-0.68, Lon=31.67) - Already downloaded

Skipping grid point 172/1962: (Lat=-0.68, Lon=31.77) - Already downloaded

Skipping grid point 173/1962: (Lat=-0.68, Lon=31.87) - Already downloaded

Skipping grid point 174/1962: (Lat=-0.68, Lon=31.97) - Already downloaded

Skipping grid point 175/1962: (Lat=-0.68, Lon=32.07) - Already downloaded

Skipping grid point 176/1962: (Lat=-0.68, Lon=32.17) - Already downloaded

Skipping grid point 177/1962: (Lat=-0.68, Lon=32.27) - Already downloaded

Skipping grid point 178/1962: (Lat=-0.68, Lon=32.37) - Already downloaded

Skipping grid point 179/1962: (Lat=-0.68, Lon=32.47) - Already downloaded

Skipping grid point 180/1962: (Lat=-0.68, Lon=32.57) - Already downloaded

Skipping grid point 181/1962: (Lat=-0.68, Lon=32.67) - Already downloaded

Skipping grid point 182/1962: (Lat=-0.68, Lon=32.77) - Already downloaded

Skipping grid point 183/1962: (Lat=-0.68, Lon=32.87) - Already downloaded

Skipping grid point 184/1962: (Lat=-0.68, Lon=32.97) - Already downloaded

Skipping grid point 185/1962: (Lat=-0.68, Lon=33.07) - Already downloaded

Skipping grid point 186/1962: (Lat=-0.68, Lon=33.17) - Already downloaded

Skipping grid point 187/1962: (Lat=-0.68, Lon=33.27) - Already downloaded

Skipping grid point 188/1962: (Lat=-0.68, Lon=33.37) - Already downloaded

Skipping grid point 189/1962: (Lat=-0.68, Lon=33.47) - Already downloaded

Skipping grid point 190/1962: (Lat=-0.68, Lon=33.57) - Already downloaded

Skipping grid point 191/1962: (Lat=-0.68, Lon=33.67) - Already downloaded

Skipping grid point 192/1962: (Lat=-0.68, Lon=33.77) - Already downloaded

Skipping grid point 193/1962: (Lat=-0.68, Lon=33.87) - Already downloaded

Skipping grid point 194/1962: (Lat=-0.58, Lon=29.67) - Already downloaded

Skipping grid point 195/1962: (Lat=-0.58, Lon=29.77) - Already downloaded

Skipping grid point 196/1962: (Lat=-0.58, Lon=29.87) - Already downloaded

Skipping grid point 197/1962: (Lat=-0.58, Lon=29.97) - Already downloaded

Skipping grid point 198/1962: (Lat=-0.58, Lon=30.07) - Already downloaded

Skipping grid point 199/1962: (Lat=-0.58, Lon=30.17) - Already downloaded

Skipping grid point 200/1962: (Lat=-0.58, Lon=30.27) - Already downloaded

Skipping grid point 201/1962: (Lat=-0.58, Lon=30.37) - Already downloaded

Skipping grid point 202/1962: (Lat=-0.58, Lon=30.47) - Already downloaded

Skipping grid point 203/1962: (Lat=-0.58, Lon=30.57) - Already downloaded

Skipping grid point 204/1962: (Lat=-0.58, Lon=30.67) - Already downloaded

Skipping grid point 205/1962: (Lat=-0.58, Lon=30.77) - Already downloaded

Skipping grid point 206/1962: (Lat=-0.58, Lon=30.87) - Already downloaded

Skipping grid point 207/1962: (Lat=-0.58, Lon=30.97) - Already downloaded

Skipping grid point 208/1962: (Lat=-0.58, Lon=31.07) - Already downloaded

Skipping grid point 209/1962: (Lat=-0.58, Lon=31.17) - Already downloaded

Skipping grid point 210/1962: (Lat=-0.58, Lon=31.27) - Already downloaded

Skipping grid point 211/1962: (Lat=-0.58, Lon=31.37) - Already downloaded

Skipping grid point 212/1962: (Lat=-0.58, Lon=31.47) - Already downloaded

Skipping grid point 213/1962: (Lat=-0.58, Lon=31.57) - Already downloaded

Skipping grid point 214/1962: (Lat=-0.58, Lon=31.67) - Already downloaded

Skipping grid point 215/1962: (Lat=-0.58, Lon=31.77) - Already downloaded

Skipping grid point 216/1962: (Lat=-0.58, Lon=31.87) - Already downloaded

Skipping grid point 217/1962: (Lat=-0.58, Lon=31.97) - Already downloaded

Skipping grid point 218/1962: (Lat=-0.58, Lon=32.07) - Already downloaded

Skipping grid point 219/1962: (Lat=-0.58, Lon=32.17) - Already downloaded

Skipping grid point 220/1962: (Lat=-0.58, Lon=32.27) - Already downloaded

Skipping grid point 221/1962: (Lat=-0.58, Lon=32.37) - Already downloaded

Skipping grid point 222/1962: (Lat=-0.58, Lon=32.47) - Already downloaded

Skipping grid point 223/1962: (Lat=-0.58, Lon=32.57) - Already downloaded

Skipping grid point 224/1962: (Lat=-0.58, Lon=32.67) - Already downloaded

Skipping grid point 225/1962: (Lat=-0.58, Lon=32.77) - Already downloaded

Skipping grid point 226/1962: (Lat=-0.58, Lon=32.87) - Already downloaded

Skipping grid point 227/1962: (Lat=-0.58, Lon=32.97) - Already downloaded

Skipping grid point 228/1962: (Lat=-0.58, Lon=33.07) - Already downloaded

Skipping grid point 229/1962: (Lat=-0.58, Lon=33.17) - Already downloaded

Skipping grid point 230/1962: (Lat=-0.58, Lon=33.27) - Already downloaded

Skipping grid point 231/1962: (Lat=-0.58, Lon=33.37) - Already downloaded

Skipping grid point 232/1962: (Lat=-0.58, Lon=33.47) - Already downloaded

Skipping grid point 233/1962: (Lat=-0.58, Lon=33.57) - Already downloaded

Skipping grid point 234/1962: (Lat=-0.58, Lon=33.67) - Already downloaded

Skipping grid point 235/1962: (Lat=-0.58, Lon=33.77) - Already downloaded

Skipping grid point 236/1962: (Lat=-0.58, Lon=33.87) - Already downloaded

Skipping grid point 237/1962: (Lat=-0.48, Lon=29.67) - Already downloaded

Skipping grid point 238/1962: (Lat=-0.48, Lon=29.77) - Already downloaded

Skipping grid point 239/1962: (Lat=-0.48, Lon=29.87) - Already downloaded

Skipping grid point 240/1962: (Lat=-0.48, Lon=29.97) - Already downloaded

Skipping grid point 241/1962: (Lat=-0.48, Lon=30.07) - Already downloaded

Skipping grid point 242/1962: (Lat=-0.48, Lon=30.17) - Already downloaded

Skipping grid point 243/1962: (Lat=-0.48, Lon=30.27) - Already downloaded

Skipping grid point 244/1962: (Lat=-0.48, Lon=30.37) - Already downloaded

Skipping grid point 245/1962: (Lat=-0.48, Lon=30.47) - Already downloaded

Skipping grid point 246/1962: (Lat=-0.48, Lon=30.57) - Already downloaded

Skipping grid point 247/1962: (Lat=-0.48, Lon=30.67) - Already downloaded

Skipping grid point 248/1962: (Lat=-0.48, Lon=30.77) - Already downloaded

Skipping grid point 249/1962: (Lat=-0.48, Lon=30.87) - Already downloaded

Skipping grid point 250/1962: (Lat=-0.48, Lon=30.97) - Already downloaded

Skipping grid point 251/1962: (Lat=-0.48, Lon=31.07) - Already downloaded

Skipping grid point 252/1962: (Lat=-0.48, Lon=31.17) - Already downloaded

Skipping grid point 253/1962: (Lat=-0.48, Lon=31.27) - Already downloaded

Skipping grid point 254/1962: (Lat=-0.48, Lon=31.37) - Already downloaded

Skipping grid point 255/1962: (Lat=-0.48, Lon=31.47) - Already downloaded

Skipping grid point 256/1962: (Lat=-0.48, Lon=31.57) - Already downloaded

Skipping grid point 257/1962: (Lat=-0.48, Lon=31.67) - Already downloaded

Skipping grid point 258/1962: (Lat=-0.48, Lon=31.77) - Already downloaded

Skipping grid point 259/1962: (Lat=-0.48, Lon=31.87) - Already downloaded

Skipping grid point 260/1962: (Lat=-0.48, Lon=31.97) - Already downloaded

Skipping grid point 261/1962: (Lat=-0.48, Lon=32.07) - Already downloaded

Skipping grid point 262/1962: (Lat=-0.48, Lon=32.17) - Already downloaded

Skipping grid point 263/1962: (Lat=-0.48, Lon=32.27) - Already downloaded

Skipping grid point 264/1962: (Lat=-0.48, Lon=32.37) - Already downloaded

Skipping grid point 265/1962: (Lat=-0.48, Lon=32.47) - Already downloaded

Skipping grid point 266/1962: (Lat=-0.48, Lon=32.57) - Already downloaded

Skipping grid point 267/1962: (Lat=-0.48, Lon=32.67) - Already downloaded

Skipping grid point 268/1962: (Lat=-0.48, Lon=32.77) - Already downloaded

Skipping grid point 269/1962: (Lat=-0.48, Lon=32.87) - Already downloaded

Skipping grid point 270/1962: (Lat=-0.48, Lon=32.97) - Already downloaded

Skipping grid point 271/1962: (Lat=-0.48, Lon=33.07) - Already downloaded

Skipping grid point 272/1962: (Lat=-0.48, Lon=33.17) - Already downloaded

Skipping grid point 273/1962: (Lat=-0.48, Lon=33.27) - Already downloaded

Skipping grid point 274/1962: (Lat=-0.48, Lon=33.37) - Already downloaded

Skipping grid point 275/1962: (Lat=-0.48, Lon=33.47) - Already downloaded

Skipping grid point 276/1962: (Lat=-0.48, Lon=33.57) - Already downloaded

Skipping grid point 277/1962: (Lat=-0.48, Lon=33.67) - Already downloaded

Skipping grid point 278/1962: (Lat=-0.48, Lon=33.77) - Already downloaded

Skipping grid point 279/1962: (Lat=-0.48, Lon=33.87) - Already downloaded

Skipping grid point 280/1962: (Lat=-0.38, Lon=29.77) - Already downloaded

Skipping grid point 281/1962: (Lat=-0.38, Lon=29.87) - Already downloaded

Skipping grid point 282/1962: (Lat=-0.38, Lon=29.97) - Already downloaded

Skipping grid point 283/1962: (Lat=-0.38, Lon=30.07) - Already downloaded

Skipping grid point 284/1962: (Lat=-0.38, Lon=30.17) - Already downloaded

Skipping grid point 285/1962: (Lat=-0.38, Lon=30.27) - Already downloaded

Skipping grid point 286/1962: (Lat=-0.38, Lon=30.37) - Already downloaded

Skipping grid point 287/1962: (Lat=-0.38, Lon=30.47) - Already downloaded

Skipping grid point 288/1962: (Lat=-0.38, Lon=30.57) - Already downloaded

Skipping grid point 289/1962: (Lat=-0.38, Lon=30.67) - Already downloaded

Skipping grid point 290/1962: (Lat=-0.38, Lon=30.77) - Already downloaded

Skipping grid point 291/1962: (Lat=-0.38, Lon=30.87) - Already downloaded

Skipping grid point 292/1962: (Lat=-0.38, Lon=30.97) - Already downloaded

Skipping grid point 293/1962: (Lat=-0.38, Lon=31.07) - Already downloaded

Skipping grid point 294/1962: (Lat=-0.38, Lon=31.17) - Already downloaded

Skipping grid point 295/1962: (Lat=-0.38, Lon=31.27) - Already downloaded

Skipping grid point 296/1962: (Lat=-0.38, Lon=31.37) - Already downloaded

Skipping grid point 297/1962: (Lat=-0.38, Lon=31.47) - Already downloaded

Skipping grid point 298/1962: (Lat=-0.38, Lon=31.57) - Already downloaded

Skipping grid point 299/1962: (Lat=-0.38, Lon=31.67) - Already downloaded

Skipping grid point 300/1962: (Lat=-0.38, Lon=31.77) - Already downloaded

Skipping grid point 301/1962: (Lat=-0.38, Lon=31.87) - Already downloaded

Skipping grid point 302/1962: (Lat=-0.38, Lon=31.97) - Already downloaded

Skipping grid point 303/1962: (Lat=-0.38, Lon=32.07) - Already downloaded

Skipping grid point 304/1962: (Lat=-0.38, Lon=32.17) - Already downloaded

Skipping grid point 305/1962: (Lat=-0.38, Lon=32.27) - Already downloaded

Skipping grid point 306/1962: (Lat=-0.38, Lon=32.37) - Already downloaded

Skipping grid point 307/1962: (Lat=-0.38, Lon=32.47) - Already downloaded

Skipping grid point 308/1962: (Lat=-0.38, Lon=32.57) - Already downloaded

Skipping grid point 309/1962: (Lat=-0.38, Lon=32.67) - Already downloaded

Skipping grid point 310/1962: (Lat=-0.38, Lon=32.77) - Already downloaded

Skipping grid point 311/1962: (Lat=-0.38, Lon=32.87) - Already downloaded

Skipping grid point 312/1962: (Lat=-0.38, Lon=32.97) - Already downloaded

Skipping grid point 313/1962: (Lat=-0.38, Lon=33.07) - Already downloaded

Skipping grid point 314/1962: (Lat=-0.38, Lon=33.17) - Already downloaded

Skipping grid point 315/1962: (Lat=-0.38, Lon=33.27) - Already downloaded

Skipping grid point 316/1962: (Lat=-0.38, Lon=33.37) - Already downloaded

Skipping grid point 317/1962: (Lat=-0.38, Lon=33.47) - Already downloaded

Skipping grid point 318/1962: (Lat=-0.38, Lon=33.57) - Already downloaded

Skipping grid point 319/1962: (Lat=-0.38, Lon=33.67) - Already downloaded

Skipping grid point 320/1962: (Lat=-0.38, Lon=33.77) - Already downloaded

Skipping grid point 321/1962: (Lat=-0.38, Lon=33.87) - Already downloaded

Skipping grid point 322/1962: (Lat=-0.28, Lon=29.77) - Already downloaded

Skipping grid point 323/1962: (Lat=-0.28, Lon=29.87) - Already downloaded

Skipping grid point 324/1962: (Lat=-0.28, Lon=29.97) - Already downloaded

Skipping grid point 325/1962: (Lat=-0.28, Lon=30.07) - Already downloaded

Skipping grid point 326/1962: (Lat=-0.28, Lon=30.17) - Already downloaded

Skipping grid point 327/1962: (Lat=-0.28, Lon=30.27) - Already downloaded

Skipping grid point 328/1962: (Lat=-0.28, Lon=30.37) - Already downloaded

Skipping grid point 329/1962: (Lat=-0.28, Lon=30.47) - Already downloaded

Skipping grid point 330/1962: (Lat=-0.28, Lon=30.57) - Already downloaded

Skipping grid point 331/1962: (Lat=-0.28, Lon=30.67) - Already downloaded

Skipping grid point 332/1962: (Lat=-0.28, Lon=30.77) - Already downloaded

Skipping grid point 333/1962: (Lat=-0.28, Lon=30.87) - Already downloaded

Skipping grid point 334/1962: (Lat=-0.28, Lon=30.97) - Already downloaded

Skipping grid point 335/1962: (Lat=-0.28, Lon=31.07) - Already downloaded

Skipping grid point 336/1962: (Lat=-0.28, Lon=31.17) - Already downloaded

Skipping grid point 337/1962: (Lat=-0.28, Lon=31.27) - Already downloaded

Skipping grid point 338/1962: (Lat=-0.28, Lon=31.37) - Already downloaded

Skipping grid point 339/1962: (Lat=-0.28, Lon=31.47) - Already downloaded

Skipping grid point 340/1962: (Lat=-0.28, Lon=31.57) - Already downloaded

Skipping grid point 341/1962: (Lat=-0.28, Lon=31.67) - Already downloaded

Skipping grid point 342/1962: (Lat=-0.28, Lon=31.77) - Already downloaded

Skipping grid point 343/1962: (Lat=-0.28, Lon=31.87) - Already downloaded

Skipping grid point 344/1962: (Lat=-0.28, Lon=31.97) - Already downloaded

Skipping grid point 345/1962: (Lat=-0.28, Lon=32.07) - Already downloaded

Skipping grid point 346/1962: (Lat=-0.28, Lon=32.17) - Already downloaded

Skipping grid point 347/1962: (Lat=-0.28, Lon=32.27) - Already downloaded

Skipping grid point 348/1962: (Lat=-0.28, Lon=32.37) - Already downloaded

Skipping grid point 349/1962: (Lat=-0.28, Lon=32.47) - Already downloaded

Skipping grid point 350/1962: (Lat=-0.28, Lon=32.57) - Already downloaded

Skipping grid point 351/1962: (Lat=-0.28, Lon=32.67) - Already downloaded

Skipping grid point 352/1962: (Lat=-0.28, Lon=32.77) - Already downloaded

Skipping grid point 353/1962: (Lat=-0.28, Lon=32.87) - Already downloaded

Skipping grid point 354/1962: (Lat=-0.28, Lon=32.97) - Already downloaded

Skipping grid point 355/1962: (Lat=-0.28, Lon=33.07) - Already downloaded

Skipping grid point 356/1962: (Lat=-0.28, Lon=33.17) - Already downloaded

Skipping grid point 357/1962: (Lat=-0.28, Lon=33.27) - Already downloaded

Skipping grid point 358/1962: (Lat=-0.28, Lon=33.37) - Already downloaded

Skipping grid point 359/1962: (Lat=-0.28, Lon=33.47) - Already downloaded

Skipping grid point 360/1962: (Lat=-0.28, Lon=33.57) - Already downloaded

Skipping grid point 361/1962: (Lat=-0.28, Lon=33.67) - Already downloaded

Skipping grid point 362/1962: (Lat=-0.28, Lon=33.77) - Already downloaded

Skipping grid point 363/1962: (Lat=-0.28, Lon=33.87) - Already downloaded

Skipping grid point 364/1962: (Lat=-0.18, Lon=29.77) - Already downloaded

Skipping grid point 365/1962: (Lat=-0.18, Lon=29.87) - Already downloaded

Skipping grid point 366/1962: (Lat=-0.18, Lon=29.97) - Already downloaded

Skipping grid point 367/1962: (Lat=-0.18, Lon=30.07) - Already downloaded

Skipping grid point 368/1962: (Lat=-0.18, Lon=30.17) - Already downloaded

Skipping grid point 369/1962: (Lat=-0.18, Lon=30.27) - Already downloaded

Skipping grid point 370/1962: (Lat=-0.18, Lon=30.37) - Already downloaded

Skipping grid point 371/1962: (Lat=-0.18, Lon=30.47) - Already downloaded

Skipping grid point 372/1962: (Lat=-0.18, Lon=30.57) - Already downloaded

Skipping grid point 373/1962: (Lat=-0.18, Lon=30.67) - Already downloaded

Skipping grid point 374/1962: (Lat=-0.18, Lon=30.77) - Already downloaded

Skipping grid point 375/1962: (Lat=-0.18, Lon=30.87) - Already downloaded

Skipping grid point 376/1962: (Lat=-0.18, Lon=30.97) - Already downloaded

Skipping grid point 377/1962: (Lat=-0.18, Lon=31.07) - Already downloaded

Skipping grid point 378/1962: (Lat=-0.18, Lon=31.17) - Already downloaded

Skipping grid point 379/1962: (Lat=-0.18, Lon=31.27) - Already downloaded

Skipping grid point 380/1962: (Lat=-0.18, Lon=31.37) - Already downloaded

Skipping grid point 381/1962: (Lat=-0.18, Lon=31.47) - Already downloaded

Skipping grid point 382/1962: (Lat=-0.18, Lon=31.57) - Already downloaded

Skipping grid point 383/1962: (Lat=-0.18, Lon=31.67) - Already downloaded

Skipping grid point 384/1962: (Lat=-0.18, Lon=31.77) - Already downloaded

Skipping grid point 385/1962: (Lat=-0.18, Lon=31.87) - Already downloaded

Skipping grid point 386/1962: (Lat=-0.18, Lon=31.97) - Already downloaded

Skipping grid point 387/1962: (Lat=-0.18, Lon=32.07) - Already downloaded

Skipping grid point 388/1962: (Lat=-0.18, Lon=32.17) - Already downloaded

Skipping grid point 389/1962: (Lat=-0.18, Lon=32.27) - Already downloaded

Skipping grid point 390/1962: (Lat=-0.18, Lon=32.37) - Already downloaded

Skipping grid point 391/1962: (Lat=-0.18, Lon=32.47) - Already downloaded

Skipping grid point 392/1962: (Lat=-0.18, Lon=32.57) - Already downloaded

Skipping grid point 393/1962: (Lat=-0.18, Lon=32.67) - Already downloaded

Skipping grid point 394/1962: (Lat=-0.18, Lon=32.77) - Already downloaded

Skipping grid point 395/1962: (Lat=-0.18, Lon=32.87) - Already downloaded

Skipping grid point 396/1962: (Lat=-0.18, Lon=32.97) - Already downloaded

Skipping grid point 397/1962: (Lat=-0.18, Lon=33.07) - Already downloaded

Skipping grid point 398/1962: (Lat=-0.18, Lon=33.17) - Already downloaded

Skipping grid point 399/1962: (Lat=-0.18, Lon=33.27) - Already downloaded

Skipping grid point 400/1962: (Lat=-0.18, Lon=33.37) - Already downloaded

Skipping grid point 401/1962: (Lat=-0.18, Lon=33.47) - Already downloaded

Skipping grid point 402/1962: (Lat=-0.18, Lon=33.57) - Already downloaded

Skipping grid point 403/1962: (Lat=-0.18, Lon=33.67) - Already downloaded

Skipping grid point 404/1962: (Lat=-0.18, Lon=33.77) - Already downloaded

Skipping grid point 405/1962: (Lat=-0.18, Lon=33.87) - Already downloaded

Skipping grid point 406/1962: (Lat=-0.18, Lon=33.97) - Already downloaded

Skipping grid point 407/1962: (Lat=-0.08, Lon=29.77) - Already downloaded

Skipping grid point 408/1962: (Lat=-0.08, Lon=29.87) - Already downloaded

Skipping grid point 409/1962: (Lat=-0.08, Lon=29.97) - Already downloaded

Skipping grid point 410/1962: (Lat=-0.08, Lon=30.07) - Already downloaded

Skipping grid point 411/1962: (Lat=-0.08, Lon=30.17) - Already downloaded

Skipping grid point 412/1962: (Lat=-0.08, Lon=30.27) - Already downloaded

Skipping grid point 413/1962: (Lat=-0.08, Lon=30.37) - Already downloaded

Skipping grid point 414/1962: (Lat=-0.08, Lon=30.47) - Already downloaded

Skipping grid point 415/1962: (Lat=-0.08, Lon=30.57) - Already downloaded

Skipping grid point 416/1962: (Lat=-0.08, Lon=30.67) - Already downloaded

Skipping grid point 417/1962: (Lat=-0.08, Lon=30.77) - Already downloaded

Skipping grid point 418/1962: (Lat=-0.08, Lon=30.87) - Already downloaded

Skipping grid point 419/1962: (Lat=-0.08, Lon=30.97) - Already downloaded

Skipping grid point 420/1962: (Lat=-0.08, Lon=31.07) - Already downloaded

Skipping grid point 421/1962: (Lat=-0.08, Lon=31.17) - Already downloaded

Skipping grid point 422/1962: (Lat=-0.08, Lon=31.27) - Already downloaded

Skipping grid point 423/1962: (Lat=-0.08, Lon=31.37) - Already downloaded

Skipping grid point 424/1962: (Lat=-0.08, Lon=31.47) - Already downloaded

Skipping grid point 425/1962: (Lat=-0.08, Lon=31.57) - Already downloaded

Skipping grid point 426/1962: (Lat=-0.08, Lon=31.67) - Already downloaded

Skipping grid point 427/1962: (Lat=-0.08, Lon=31.77) - Already downloaded

Skipping grid point 428/1962: (Lat=-0.08, Lon=31.87) - Already downloaded

Skipping grid point 429/1962: (Lat=-0.08, Lon=31.97) - Already downloaded

Skipping grid point 430/1962: (Lat=-0.08, Lon=32.07) - Already downloaded

Skipping grid point 431/1962: (Lat=-0.08, Lon=32.17) - Already downloaded

Skipping grid point 432/1962: (Lat=-0.08, Lon=32.27) - Already downloaded

Skipping grid point 433/1962: (Lat=-0.08, Lon=32.37) - Already downloaded

Skipping grid point 434/1962: (Lat=-0.08, Lon=32.47) - Already downloaded

Skipping grid point 435/1962: (Lat=-0.08, Lon=32.57) - Already downloaded

Skipping grid point 436/1962: (Lat=-0.08, Lon=32.67) - Already downloaded

Skipping grid point 437/1962: (Lat=-0.08, Lon=32.77) - Already downloaded

Skipping grid point 438/1962: (Lat=-0.08, Lon=32.87) - Already downloaded

Skipping grid point 439/1962: (Lat=-0.08, Lon=32.97) - Already downloaded

Skipping grid point 440/1962: (Lat=-0.08, Lon=33.07) - Already downloaded

Skipping grid point 441/1962: (Lat=-0.08, Lon=33.17) - Already downloaded

Skipping grid point 442/1962: (Lat=-0.08, Lon=33.27) - Already downloaded

Skipping grid point 443/1962: (Lat=-0.08, Lon=33.37) - Already downloaded

Skipping grid point 444/1962: (Lat=-0.08, Lon=33.47) - Already downloaded

Skipping grid point 445/1962: (Lat=-0.08, Lon=33.57) - Already downloaded

Skipping grid point 446/1962: (Lat=-0.08, Lon=33.67) - Already downloaded

Skipping grid point 447/1962: (Lat=-0.08, Lon=33.77) - Already downloaded

Skipping grid point 448/1962: (Lat=-0.08, Lon=33.87) - Already downloaded

Skipping grid point 449/1962: (Lat=0.02, Lon=29.77) - Already downloaded

Skipping grid point 450/1962: (Lat=0.02, Lon=29.87) - Already downloaded

Skipping grid point 451/1962: (Lat=0.02, Lon=29.97) - Already downloaded

Skipping grid point 452/1962: (Lat=0.02, Lon=30.07) - Already downloaded

Skipping grid point 453/1962: (Lat=0.02, Lon=30.17) - Already downloaded

Skipping grid point 454/1962: (Lat=0.02, Lon=30.27) - Already downloaded

Skipping grid point 455/1962: (Lat=0.02, Lon=30.37) - Already downloaded

Skipping grid point 456/1962: (Lat=0.02, Lon=30.47) - Already downloaded