
102,2012,309,1700,13.23,0,1018.1,64.17,0,-5.018
102,2012,309,1800,12.83,0,0,27.227,0,-4.644
102,2012,309,1900,13.37,0,167.86,33.74,0,-4.225
102,2012,309,2000,13.39,0,0,5.4663,0,-4.109
102,2012,309,2100,13.42,0,104.88,2.9664,0,-4.209
102,2012,309,2200,13.44,0,0,3.5279,0,-4.451
102,2012,309,2300,13.45,0,0,3.3934,0,-4.347
101,2012,309,2400,12.83,914.79,1930.3,2048.7,.2
102,2012,309,2400,13.45,0,0,2.9267,0,-3.955
102,2012,310,100,13.45,0,0,2.5074,0,-3.266
102,2012,310,200,13.47,0,1834.3,1.8034,0,-3.299
102,2012,310,300,13.48,0,0,.99671,0,-3.685
102,2012,310,400,13.48,0,0,1.3606,0,-4.176
102,2012,310,500,13.49,0,0,1.3922,0,-4.563
102,2012,310,600,13.49,0,0,.96508,0,-4.568
102,2012,310,700,13.49,0,0,.36388,0,-5.026
102,2012,310,800,13.48,0,3129.3,11.612,0,-4.414
102,2012,310,900,13.46,0,832.21,42.65,0,-1.958
102,2012,310,1000,12.89,0,0,72.826,0,-.745
102,2012,310,1100,12.76,0,0,160.86,0,-4.992
102,2012,310,1200,12.75,0,906.92,257.78,0,-6.447
102,2012,310,1300,12.77,0,815.38,324.62,0,-6.359
102,2012,310,1400,12.78,0,369.13,219.19,0,-6.391
102,2012,310,1500,12.78,0,123.17,105.1,0,-5.161
102,2012,310,1600,12.78,0,174.17,294.55,0,-6.546
102,2012,310,1700,13.26,0,0,353.24,0,-6.855
102,2012,310,1800,13.3,0,0,184.41,0,-6.959
102,2012,310,1900,13.32,0,0,99.227,0,-7.04
102,2012,310,2000,13.34,0,0,3.2666,0,-7.1
102,2012,310,2100,13.36,0,0,3.0692,0,-7.3
102,2012,310,2200,13.39,0,0,3.5282,0,-7.54
102,2012,310,2300,13.4,0,0,3.8762,0,-7.36
101,2012,310,2400,12.75,0,8184.5,2152.2,0
102,2012,310,2400,13.42,0,0,3.0297,0,-7.16
102,2012,311,100,13.44,0,0,2.9347,0,-6.851
102,2012,311,200,13.46,0,786.11,2.8555,0,-6.051
102,2012,311,300,13.47,0,358.97,3.1956,0,-6.145
102,2012,311,400,13.47,0,0,2.8475,0,-6.576
102,2012,311,500,13.49,0,0,2.7923,0,-6.609
102,2012,311,600,13.49,0,110.44,2.745,0,-6.499
102,2012,311,700,13.5,0,3612,3.449,0,-6.069
102,2012,311,800,13.51,0,453.45,20.346,0,-6.196
102,2012,311,900,13.47,0,0,86.628,0,-5.627
102,2012,311,1000,13.44,0,0,145.52,0,-5.979
102,2012,311,1100,13.37,0,0,306.71,0,-6.999
102,2012,311,1200,13.3,0,9.5375,454.15,0,-6.988
102,2012,311,1300,13.27,0,261.98,430.37,0,-6.965
102,2012,311,1400,13.25,0,371.39,487.98,0,-7
102,2012,311,1500,12.81,0,1153.1,436.95,0,-6.959
102,2012,311,1600,12.8,34.721,779.46,205.94,0,-7.03
102,2012,311,1700,13.29,0,53.524,170.27,0,-8.72
102,2012,311,1800,13.3,0,98.487,308.97,0,-8.75
102,2012,311,1900,13.31,0,0,101.5,0,-8.7
102,2012,311,2000,13.33,0,0,4.1684,0,-8.79
102,2012,311,2100,13.37,0,901.07,3.7181,0,-8.8
102,2012,311,2200,13.4,126.74,0,3.9079,0,-8.76
102,2012,311,2300,13.41,35.384,0,3.3145,0,-8.79
101,2012,311,2400,12.8,196.85,8949.5,3193.9,0
102,2012,311,2400,13.44,0,0,2.6816,0,-8.8
102,2012,312,100,13.44,0,0,2.6103,0,-8.81
102,2012,312,200,13.45,57.497,840.85,2.7289,0,-8.75
102,2012,312,300,13.47,90.408,1252.6,2.4599,0,-8.61
102,2012,312,400,13.47,321.05,0,2.5944,0,-8.64
102,2012,312,500,13.48,1421.9,0,2.3571,0,-8.66
102,2012,312,600,13.49,1589.6,0,2.033,0,-8.63
102,2012,312,700,13.5,1359.2,0,2.9665,0,-8.38
102,2012,312,800,13.5,1135.2,358.11,32.662,0,-8.23
102,2012,312,900,13.47,9.1445,0,139.08,0,-8.13
102,2012,312,1000,13.42,0,1281.9,270.16,0,-8.52
102,2012,312,1100,12.78,0,702.37,370.25,0,-8.62
102,2012,312,1200,12.77,0,0,416.01,0,-8.33
102,2012,312,1300,12.79,0,0,378.72,0,-7.94
102,2012,312,1400,12.8,59.02,298.8,202.6,0,-7.93
102,2012,312,1500,12.79,0,61.475,112.53,0,-7.94
102,2012,312,1600,12.77,0,524.29,159.41,0,-7.64
102,2012,312,1700,12.77,0,0,158.47,0,-7.94
102,2012,312,1800,12.77,0,0,177.84,0,-7.94
102,2012,312,1900,12.77,0,0,82.606,0,-7.83
102,2012,312,2000,13.3,0,193.84,4.8013,0,-7.87
102,2012,312,2100,13.34,0,293.29,4.2481,0,-7.91
102,2012,312,2200,13.4,170.56,475.11,4.3825,0,-7.86
102,2012,312,2300,13.42,158.97,0,4.5168,0,-7.94
101,2012,312,2400,12.77,6377.9,6320.7,2538.4,0
102,2012,312,2400,13.43,5.3552,38.044,2.3572,0,-7.87
102,2012,313,100,13.45,0,96.553,2.4837,0,-7.76
102,2012,313,200,13.45,0,208.69,2.9187,0,-7.78
102,2012,313,300,13.47,94.498,136.3,2.2464,0,-7.74
102,2012,313,400,13.47,0,0,1.7797,0,-7.3
102,2012,313,500,13.49,0,0,2.2861,0,-7.25
102,2012,313,600,13.49,0,0,2.5235,0,-7.45
102,2012,313,700,13.5,0,0,1.3527,0,-7.53
102,2012,313,800,13.51,0,0,15.94,0,-7.4
102,2012,313,900,13.47,21.738,27.504,94.426,0,-6.775
102,2012,313,1000,13.42,77.753,164.68,288.26,0,-7.42
102,2012,313,1100,13.36,0,0,361.19,0,-7.35
102,2012,313,1200,13.32,0,1210.8,388.55,0,-7.15
102,2012,313,1300,13.29,0,1707.6,487.95,0,-7.24
102,2012,313,1400,13.26,0,0,433.36,0,-7.14
102,2012,313,1500,13.26,0,0,287.57,0,-7.09
102,2012,313,1600,13.26,0,0,425.05,0,-7.08
102,2012,313,1700,13.26,0,0,192.18,0,-7.1
102,2012,313,1800,13.3,0,0,130.02,0,-7.08
102,2012,313,1900,13.3,0,0,103.99,0,-7.25
102,2012,313,2000,13.3,0,0,2.5468,0,-7.62
102,2012,313,2100,13.3,0,580.02,4.0028,0,-7.75
102,2012,313,2200,13.37,434.75,115.41,3.7972,0,-7.72
102,2012,313,2300,13.38,1696.6,0,3.3778,0,-7.75
101,2012,313,2400,13.26,4943.6,4247.5,3241,0
102,2012,313,2400,13.39,2618.3,0,3.2116,0,-7.76
102,2012,314,100,13.4,2658.2,0,2.8635,0,-7.81
102,2012,314,200,13.41,1048.7,153.55,2.8239,0,-7.71
102,2012,314,300,13.42,236.52,372.26,2.6498,0,-7.65
102,2012,314,400,13.44,0,147.85,2.6339,0,-7.61
102,2012,314,500,13.44,0,0,1.5108,0,-7.54
102,2012,314,600,13.45,0,0,1.7165,0,-7.4
102,2012,314,700,13.46,0,0,3.0295,0,-7.41
102,2012,314,800,13.46,61.69,0,11.889,0,-7.3
102,2012,314,900,13.44,472.76,27.306,75.625,0,-7.07
102,2012,314,1000,13.4,2069.8,66.03,225.93,0,-7.04
102,2012,314,1100,13.37,569.4,0,275.58,0,-7.61
102,2012,314,1200,13.33,0,0,317.35,0,-7.71
102,2012,314,1300,13.3,0,409.76,378.08,0,-7.31
102,2012,314,1400,13.3,0,530.51,101.49,0,-5.46
102,2012,314,1500,13.35,0,0,20.433,0,-2.002
102,2012,314,1600,13.38,0,0,134.07,0,-1.765
102,2012,314,1700,13.37,0,0,258.46,0,-6.844
102,2012,314,1800,13.35,0,0,165.57,0,-6.723
102,2012,314,1900,13.35,0,0,61.392,0,-6.91
102,2012,314,2000,13.37,0,0,6.8584,0,-6.866
102,2012,314,2100,13.4,0,0,4.2796,0,-7.06
102,2012,314,2200,13.42,0,0,4.3665,0,-7.11
102,2012,314,2300,13.42,0,0,4.3664,0,-6.983
101,2012,314,2400,13.3,7117,1707.3,2065.9,0
102,2012,314,2400,13.43,0,0,2.9425,0,-6.994
102,2012,315,100,13.45,0,0,2.4837,0,-7.01
102,2012,315,200,13.45,0,14.506,2.8791,0,-6.912
102,2012,315,300,13.46,0,0,3.1006,0,-6.885
102,2012,315,400,13.47,0,0,3.2351,0,-6.846
102,2012,315,500,13.48,0,0,2.6895,0,-6.813
102,2012,315,600,13.49,0,0,2.7766,0,-6.968
102,2012,315,700,13.5,0,0,3.1563,0,-6.808
102,2012,315,800,13.5,0,0,12.206,0,-6.791
102,2012,315,900,13.47,0,273.73,76.842,0,-6.538
102,2012,315,1000,13.44,52.167,454.59,150.35,0,-6.426
102,2012,315,1100,13.37,0,1019.6,360.48,0,-6.812
102,2012,315,1200,13.32,0,496.91,395.29,0,-7.02
102,2012,315,1300,13.3,0,1624.6,352.58,0,-7.02
102,2012,315,1400,13.27,0,1256.4,512.08,0,-7.34
102,2012,315,1500,12.83,0,2719.1,454.16,0,-7.43
102,2012,315,1600,12.81,0,1581.6,409.97,0,-7.42
102,2012,315,1700,13.25,0,0,253.19,0,-7.6
102,2012,315,1800,13.27,0,0,135.81,0,-7.73
102,2012,315,1900,13.3,0,0,39.216,0,-7.77
102,2012,315,2000,13.33,0,0,9.4919,0,-7.79
102,2012,315,2100,13.37,0,0,4.8098,0,-7.86
102,2012,315,2200,13.39,0,0,4.7701,0,-7.89
102,2012,315,2300,13.4,197.39,0,3.7575,0,-8.11
101,2012,315,2400,12.81,688.14,9441.1,3199.2,0
102,2012,315,2400,13.42,438.58,0,3.876,0,-7.98
102,2012,316,100,13.44,710.78,0,4.0737,0,-7.92
102,2012,316,200,13.45,477.48,74.73,3.0058,0,-7.94
102,2012,316,300,13.46,0,0,2.8238,0,-7.88
102,2012,316,400,13.47,0,0,2.5944,0,-7.85
102,2012,316,500,13.48,0,0,2.2307,0,-7.86
102,2012,316,600,13.48,0,0,1.6928,0,-7.82
102,2012,316,700,13.47,0,0,1.5267,0,-7.67
102,2012,316,800,13.47,77.841,0,14.182,0,-7.66
102,2012,316,900,13.45,39.795,0,80.355,0,-7.64
102,2012,316,1000,13.42,38.672,53.834,171.59,0,-7.94
102,2012,316,1100,13.38,0,108.62,209.26,0,-7.99
102,2012,316,1200,13.33,0,2550.6,367.25,0,-8.01
102,2012,316,1300,13.29,0,1435.8,460.77,0,-7.9
102,2012,316,1400,13.27,0,1748.8,410.23,0,-8.23
102,2012,316,1500,13.24,0,1319.5,560.99,0,-8.3
102,2012,316,1600,13.23,0,0,448.84,0,-8.19
102,2012,316,1700,13.25,0,0,414.74,0,-8.39
102,2012,316,1800,13.25,0,0,81.202,0,-8.41
102,2012,316,1900,13.28,0,0,46.313,0,-8.46
102,2012,316,2000,13.3,0,0,2.1593,0,-8.5
102,2012,316,2100,13.34,0,0,3.2987,0,-8.58
102,2012,316,2200,13.37,0,0,2.7926,0,-8.59
102,2012,316,2300,13.4,1249.3,777.15,4.0502,0,-8.62
101,2012,316,2400,13.23,4758.7,9238.3,3300,0
102,2012,316,2400,13.41,2164.9,1169.4,4.0423,0,-8.62
102,2012,317,100,13.42,2045,0,4.0105,0,-8.63
102,2012,317,200,13.44,661.19,0,3.1008,0,-8.61
102,2012,317,300,13.45,78.515,68.213,2.2227,0,-8.55
102,2012,317,400,13.45,0,0,2.808,0,-8.61
102,2012,317,500,13.47,0,0,2.9424,0,-8.62
102,2012,317,600,13.48,0,0,3.0691,0,-8.4
102,2012,317,700,13.49,0,0,2.745,0,-8.45
102,2012,317,800,13.49,0,0,25.741,0,-8.21
102,2012,317,900,13.45,340.95,524.01,139.87,0,-8.4
102,2012,317,1000,13.39,1157.4,0,246.13,0,-8.17
102,2012,317,1100,13.33,0,965.41,357.86,0,-8.14
102,2012,317,1200,13.29,0,1760.6,448.56,0,-8.34
102,2012,317,1300,13.25,0,0,423.98,0,-8.48
102,2012,317,1400,13.25,0,0,379.05,0,-8.55
102,2012,317,1500,13.23,0,0,495.69,0,-8.65
102,2012,317,1600,13.22,0,0,517.34,0,-8.65
102,2012,317,1700,13.23,0,0,427.41,0,-8.57
102,2012,317,1800,13.24,0,0,283.56,0,-8.55
102,2012,317,1900,13.25,0,0,107.61,0,-8.77
102,2012,317,2000,13.28,0,0,6.0671,0,-8.64
102,2012,317,2100,13.32,0,0,3.4567,0,-8.65
102,2012,317,2200,13.35,0,0,3.7498,0,-8.75
102,2012,317,2300,13.39,0,916.41,5.2132,0,-8.79
101,2012,317,2400,13.22,5041.5,4416.4,3897.6,0
102,2012,317,2400,13.4,758.47,181.68,5.4345,0,-8.87
102,2012,318,100,13.43,1732.1,0,5.292,0,-8.88
102,2012,318,200,13.44,2014.2,0,4.2635,0,-8.86
102,2012,318,300,13.46,129.45,117.03,3.4092,0,-8.8
102,2012,318,400,13.46,0,0,2.7921,0,-8.83
102,2012,318,500,13.48,0,0,3.3223,0,-8.79
102,2012,318,600,13.49,0,0,2.9665,0,-8.8
102,2012,318,700,13.49,0,0,3.0535,0,-8.75
102,2012,318,800,13.5,0,0,24.38,0,-8.72
102,2012,318,900,13.46,572.56,257.88,151.26,0,-8.76
102,2012,318,1000,13.4,1676.9,0,276.46,0,-8.72
102,2012,318,1100,13.34,5.6007,443.04,378.35,0,-8.65
102,2012,318,1200,13.29,0,1113.3,409.8,0,-8.56
102,2012,318,1300,13.27,0,0,320.51,0,-8.54
102,2012,318,1400,13.22,0,0,503.2,0,-8.46
102,2012,318,1500,13.24,0,145.17,103.56,0,-8.49
102,2012,318,1600,13.3,0,303.93,23.96,0,-8.74
102,2012,318,1700,13.34,0,405.87,80.907,0,-8.78
102,2012,318,1800,13.35,0,0,113.21,0,-8.8
102,2012,318,1900,13.36,0,0,29.603,0,-8.83
102,2012,318,2000,13.38,0,0,4.3906,0,-8.82
102,2012,318,2100,13.41,.0791,0,3.4964,0,-8.87
102,2012,318,2200,13.42,384.63,0,3.8997,0,-8.89
102,2012,318,2300,13.45,1582.6,0,3.0533,0,-8.76
101,2012,318,2400,13.22,8469.5,3244.8,2457.2,0
102,2012,318,2400,13.46,371.31,458.66,2.0961,0,-8.35
102,2012,319,100,13.47,0,0,2.3413,0,-8.16
102,2012,319,200,13.48,0,24.024,2.6183,0,-8.15
102,2012,319,300,13.49,0,0,2.1279,0,-8.34
102,2012,319,400,13.49,76.717,0,2.0251,0,-8.44
102,2012,319,500,13.51,392.56,0,2.294,0,-8.49
102,2012,319,600,13.51,225.7,0,2.3178,0,-8.47
102,2012,319,700,13.51,0,0,2.0013,0,-8.53
102,2012,319,800,13.51,0,0,23.114,0,-8.35
102,2012,319,900,13.48,0,0,126.45,0,-8.55
102,2012,319,1000,13.42,0,96.893,257.77,0,-8.75
102,2012,319,1100,13.36,0,323.22,386.25,0,-8.82
102,2012,319,1200,13.3,0,738.78,472.84,0,-8.85
102,2012,319,1300,13.26,0,2361.4,508.99,0,-8.79
102,2012,319,1400,13.23,0,80.895,548.74,0,-8.69
102,2012,319,1500,13.23,0,0,435.99,0,-8.71
102,2012,319,1600,13.22,0,0,402.97,0,-8.6
102,2012,319,1700,13.23,11.241,0,140.68,0,-8.56
102,2012,319,1800,13.27,0,0,258.72,0,-8.61
102,2012,319,1900,13.28,0,0,145.43,0,-8.6
102,2012,319,2000,13.3,0,314.19,3.0848,0,-8.74
102,2012,319,2100,13.34,0,0,3.5836,0,-8.85
102,2012,319,2200,13.37,188.04,0,3.5916,0,-8.84
102,2012,319,2300,13.39,720.41,0,4.1927,0,-8.9
101,2012,319,2400,13.22,1624.9,3939.4,3741,0
102,2012,319,2400,13.4,10.197,0,2.832,0,-8.84
102,2012,320,100,13.42,0,0,3.4252,0,-8.79
102,2012,320,200,13.43,0,0,3.3381,0,-8.72
102,2012,320,300,13.44,137.69,0,2.3493,0,-8.65
102,2012,320,400,13.46,400.87,0,2.8001,0,-8.72
102,2012,320,500,13.47,0,143.4,1.9538,0,-8.68
102,2012,320,600,13.48,0,222.15,2.5551,0,-8.68
102,2012,320,700,13.49,0,61.877,2.7687,0,-8.71
102,2012,320,800,13.48,78.013,0,24.365,0,-8.67
102,2012,320,900,13.45,1851,368.8,119.53,0,-8.41
102,2012,320,1000,13.4,1004.7,192.11,293.82,0,-8.31
102,2012,320,1100,13.35,0,0,385.83,0,-8.12
102,2012,320,1200,13.3,0,443.03,451.9,0,-8.35
102,2012,320,1300,13.25,0,0,536.24,0,-8.48
102,2012,320,1400,13.24,0,0,396.86,0,-8.41
102,2012,320,1500,13.24,0,0,355.44,0,-8.27
102,2012,320,1600,13.23,0,0,440.74,0,-8.11
102,2012,320,1700,13.24,0,0,386.25,0,-8.18
102,2012,320,1800,13.24,0,0,161.12,0,-8.5
102,2012,320,1900,13.26,0,0,48.817,0,-8.41
102,2012,320,2000,13.29,0,0,4.3029,0,-8.14
102,2012,320,2100,13.33,0,0,3.0059,0,-8.24
102,2012,320,2200,13.35,0,763.54,3.8606,0,-8.27
102,2012,320,2300,13.37,0,648.33,2.6186,0,-8.32
101,2012,320,2400,13.23,3472.3,2843.2,3637.5,0
102,2012,320,2400,13.39,0,0,3.6074,0,-8.36
102,2012,321,100,13.4,0,0,3.4016,0,-8.37
102,2012,321,200,13.42,0,0,3.006,0,-8.34
102,2012,321,300,13.42,247.14,0,3.5517,0,-8.32
102,2012,321,400,13.44,306.14,0,2.1357,0,-8.25
102,2012,321,500,13.45,0,0,2.3571,0,-8.29
102,2012,321,600,13.46,0,0,2.6498,0,-8.22
102,2012,321,700,13.45,0,0,2.8397,0,-8.19
102,2012,321,800,13.45,79.417,0,19.087,0,-8.17
102,2012,321,900,13.43,1921.6,63.539,100.91,0,-8.2
102,2012,321,1000,13.37,1433.8,0,252.58,0,-8.2
102,2012,321,1100,13.33,0,0,292.57,0,-8.29
102,2012,321,1200,13.3,0,0,240.79,0,-8.34
102,2012,321,1300,13.28,0,630.37,388.28,0,-8.35
102,2012,321,1400,13.27,0,0,381.52,0,-8.42
102,2012,321,1500,13.24,0,0,556.05,0,-8.32
102,2012,321,1600,13.21,0,0,495.41,0,-8.18
102,2012,321,1700,13.21,0,0,344.32,0,-8.08
102,2012,321,1800,13.21,0,0,250.59,0,-8.08
102,2012,321,1900,13.23,0,0,94.651,0,-8.51
102,2012,321,2000,13.25,0,0,2.6183,0,-8.64
102,2012,321,2100,13.28,0,0,1.7955,0,-8.9
102,2012,321,2200,13.31,0,394.99,3.109,0,-8.95
102,2012,321,2300,13.33,0,240.1,4.5805,0,-8.91
101,2012,321,2400,13.21,4006.1,1329,3453.1,0
102,2012,321,2400,13.35,18.068,0,4.3272,0,-8.85
102,2012,322,100,13.37,246.43,0,3.4332,0,-8.64
102,2012,322,200,13.38,857.41,665.91,2.8319,0,-8.35
102,2012,322,300,13.39,117.76,282.5,2.5075,0,-8.5
102,2012,322,400,13.41,0,0,2.025,0,-8.42
102,2012,322,500,13.43,0,0,3.0215,0,-8.72
102,2012,322,600,13.44,0,0,1.93,0,-8.89
102,2012,322,700,13.44,0,0,2.1593,0,-8.88
102,2012,322,800,13.45,0,0,16.017,0,-8.83
102,2012,322,900,13.42,0,149.72,113.75,0,-8.83
102,2012,322,1000,12.82,1022.4,0,202.22,0,-8.57
102,2012,322,1100,12.77,368.74,1813,274.93,0,-8.29
102,2012,322,1200,12.76,0,289.4,24.369,0,-8.15
102,2012,322,1300,12.75,0,0,16.707,0,-9.01
102,2012,322,1400,12.75,0,0,74.809,0,-8.97
102,2012,322,1500,12.75,0,0,139.85,0,-8.28
102,2012,322,1600,12.75,0,0,219.45,0,-8.67
102,2012,322,1700,13.31,0,0,185.95,0,-9.16
102,2012,322,1800,13.33,0,0,160.7,0,-9.86
102,2012,322,1900,13.34,0,1004.8,62.918,0,-10.22
102,2012,322,2000,13.35,0,343.92,3.9156,0,-9.99
102,2012,322,2100,12.81,0,5.9725,2.1201,0,-9.93
102,2012,322,2200,13.38,0,0,3.0377,0,-9.83
102,2012,322,2300,13.4,0,15.588,1.9459,0,-9.77
101,2012,322,2400,12.75,2612.8,4570.8,1522.9,0
102,2012,322,2400,13.42,0,0,2.2544,0,-9.28
102,2012,323,100,13.42,0,0,1.6216,0,-9.08
102,2012,323,200,13.43,0,0,1.4555,0,-9.05
102,2012,323,300,13.44,0,0,1.582,0,-8.91
102,2012,323,400,13.44,0,0,1.6532,0,-8.77
102,2012,323,500,13.45,0,0,1.0678,0,-8.96
102,2012,323,600,13.45,0,0,1.0995,0,-8.96
102,2012,323,700,13.45,0,0,1.226,0,-8.79
102,2012,323,800,13.44,0,0,11.857,0,-8.35
102,2012,323,900,13.43,0,123.17,81.575,0,-8.91
102,2012,323,1000,13.39,0,526.07,215.85,0,-9.65
102,2012,323,1100,13.34,0,0,297,0,-10.09
102,2012,323,1200,13.3,0,1016.2,342.69,0,-10.13
102,2012,323,1300,13.29,0,982.46,282.24,0,-10.22
102,2012,323,1400,13.27,0,210.41,321.43,0,-10.16
102,2012,323,1500,12.8,26.737,601.52,131.62,0,-9.91
102,2012,323,1600,12.79,0,179.61,126.9,0,-9.89
102,2012,323,1700,13.3,0,201.56,88.889,0,-10.45
102,2012,323,1800,13.34,0,0,182.33,0,-10.51
102,2012,323,1900,13.35,0,0,70.44,0,-10.19
102,2012,323,2000,13.37,0,699.52,4.5487,0,-10.23
102,2012,323,2100,12.81,0,0,2.3257,0,-10.44
102,2012,323,2200,12.76,0,0,2.816,0,-10.34
102,2012,323,2300,12.75,0,483.22,2.7606,0,-10.41
101,2012,323,2400,12.74,26.737,5023.8,2177,0
102,2012,323,2400,12.74,0,0,2.0012,0,-10.18
102,2012,324,100,12.74,0,0,1.8667,0,-9.61
102,2012,324,200,12.73,0,0,2.1435,0,-9.78
102,2012,324,300,12.72,1.1312,0,2.2859,0,-9.8
102,2012,324,400,12.72,0,0,1.0205,0,-9.69
102,2012,324,500,12.71,0,0,1.5821,0,-9.46
102,2012,324,600,12.72,0,0,2.2782,0,-9.2
102,2012,324,700,12.71,0,0,2.0646,0,-9.28
102,2012,324,800,12.71,0,0,24.633,0,-9.68
102,2012,324,900,12.71,0,0,134.97,0,-9.98
102,2012,324,1000,12.72,0,12.187,285.35,0,-9.81
102,2012,324,1100,13.31,0,0,377.21,0,-10.17
102,2012,324,1200,13.27,0,905.93,347.44,0,-10.29