101,2011,95,1000,12.86,840.74,.417,501.6,767.61,803.87
101,2011,95,1100,12.93,2827.4,1,663.2,2575.3,2704.1
101,2011,95,1200,12.94,3497.4,.983,648.1,3199.5,3349
101,2011,95,1300,12.94,2795.7,.6,318.5,2568.3,2661.8
101,2011,95,1400,12.94,2062.6,.367,240.7,1874.4,1928.8
101,2011,95,1500,12.94,2738.5,.883,612.9,2411,2472.9
101,2011,95,1600,12.94,2579.5,1,708,2218.6,2262.9
101,2011,95,1700,12.94,1709.7,1,597.7,1419.9,1435.9
101,2011,95,1800,12.94,710.45,1,325,559.73,564.6
101,2011,95,1900,12.94,184,.3,101.3,124.33,126.25
101,2011,95,2000,12.94,0,0,3.352,0,0
101,2011,95,2100,12.94,0,0,3.352,0,0
101,2011,95,2200,12.94,0,0,3.352,0,0
101,2011,95,2300,12.94,0,0,3.352,0,0
101,2011,95,2400,12.94,0,0,3.352,0,0
102,2011,95,2400,12.86,293.9,19946,7.55,308.1,17719,18310
101,2011,96,100,12.94,0,0,3.352,0,0
101,2011,96,200,12.94,0,0,3.352,0,0
101,2011,96,300,12.94,.84559,0,3.352,1.7536,0
101,2011,96,400,12.94,0,0,3.352,0,0
101,2011,96,500,12.94,0,0,3.352,0,0
101,2011,96,600,12.94,0,0,3.353,0,0
101,2011,96,700,12.94,.26991,0,3.352,.2952,.40466
101,2011,96,800,12.94,172.35,0,10.11,161.01,161.56
101,2011,96,900,12.94,584.56,0,5.135,532.8,533.76
101,2011,96,1000,12.95,1193.6,.017,25.46,1114.6,1120.7
101,2011,96,1100,12.94,2456.3,.65,317.9,2284.4,2351.6
101,2011,96,1200,12.94,3212.4,1,544.9,2915.2,3042.8
101,2011,96,1300,12.94,3401.4,1,433,3048.7,3193.1
101,2011,96,1400,12.94,2429.5,1,306,2173.3,2249.2
101,2011,96,1500,12.94,2584.6,.983,381.5,2328.7,2372
101,2011,96,1600,12.94,994.58,.25,106.9,905.41,909.11
101,2011,96,1700,12.94,2152.2,1,485.2,1845.4,1865.1
101,2011,96,1800,12.94,1203.4,1,410.2,985.41,991.78
101,2011,96,1900,12.94,219.12,.25,68.78,170.66,174.48
101,2011,96,2000,12.94,0,0,3.352,0,0
101,2011,96,2100,12.94,0,0,3.352,0,0
101,2011,96,2200,12.94,0,0,3.352,0,0
101,2011,96,2300,12.94,0,0,3.352,0,0
101,2011,96,2400,12.94,0,0,3.352,0,0
102,2011,96,2400,12.94,293.9,20605,7.15,130.6,18468,18966
101,2011,97,100,12.94,0,0,3.352,0,0
101,2011,97,200,12.94,0,0,3.353,0,0
101,2011,97,300,12.94,0,0,3.353,0,0
101,2011,97,400,12.94,0,0,3.353,0,0
101,2011,97,500,12.94,0,0,3.353,0,0
101,2011,97,600,12.94,0,0,3.353,0,0
101,2011,97,700,12.94,2.5491,0,3.353,2.2834,2.5751
101,2011,97,800,12.94,124.29,0,9.92,114.65,116.81
101,2011,97,900,12.94,345.77,0,3.56,296.32,304.51
101,2011,97,1000,12.94,452.84,0,10.28,384.95,399.58
101,2011,97,1100,12.94,861.94,0,3.945,786.5,797.73
101,2011,97,1200,12.94,1449.6,.117,50.23,1350.1,1377.4
101,2011,97,1300,12.94,2650.6,.4,97.8,2448.1,2506.2
101,2011,97,1400,12.94,2758.5,.766,260,2496.9,2563.4
101,2011,97,1500,12.94,2422.1,.866,372.9,2182.4,2227.8
101,2011,97,1600,12.94,2427.3,1,536.3,2112,2146.2
101,2011,97,1700,12.94,1953.6,.983,516.6,1636.9,1663.8
101,2011,97,1800,12.94,1137.9,.85,377.3,912.19,929.2
101,2011,97,1900,12.94,262.42,.25,97.1,203.18,207.37
101,2011,97,2000,12.94,0,0,3.352,0,0
101,2011,97,2100,12.94,0,0,3.352,0,0
101,2011,97,2200,12.94,0,0,3.352,0,0
101,2011,97,2300,12.94,0,0,3.352,0,0
101,2011,97,2400,12.94,0,0,3.353,0,0
102,2011,97,2400,12.94,293.9,16849,5.231,99,14926,15243
101,2011,98,100,12.94,0,0,3.353,0,0
101,2011,98,200,12.94,0,0,3.353,0,0
101,2011,98,300,12.94,0,0,3.353,0,0
101,2011,98,400,12.94,0,0,3.353,0,0
101,2011,98,500,12.94,0,0,3.353,0,0
101,2011,98,600,12.94,0,0,3.353,0,0
101,2011,98,700,12.94,.26391,0,3.353,.10419,.31882
101,2011,98,800,12.94,20.231,0,3.353,19.11,18.958
101,2011,98,900,12.94,18.144,0,3.353,17.13,16.566
101,2011,98,1000,12.94,50.538,0,3.353,45.868,45.971
101,2011,98,1100,12.94,333.41,0,15.33,324.94,321.14
101,2011,98,1200,12.94,1048.5,0,9.64,964.75,971.18
101,2011,98,1300,12.87,1768.5,.083,32.66,1615.2,1650
101,2011,98,1400,12.91,1203.5,0,3.671,1093.7,1117.5
101,2011,98,1500,12.93,1838.7,.317,125.6,1659.3,1691.3
101,2011,98,1600,12.94,2557.2,1,629.8,2167.6,2220.5
101,2011,98,1700,12.92,2005.7,1,698.9,1631.5,1657.4
101,2011,98,1800,12.93,1044,1,541.6,789.78,803.73
101,2011,98,1900,12.94,181.34,.25,77.4,122.97,130.59
101,2011,98,2000,12.94,0,0,3.353,0,0
101,2011,98,2100,12.94,0,0,3.353,0,0
101,2011,98,2200,12.94,0,0,3.353,0,0
101,2011,98,2300,12.94,0,0,3.353,0,0
101,2011,98,2400,12.94,0,0,3.353,0,0
102,2011,98,2400,12.87,293.9,12070,3.649,91,10452,10645
101,2011,99,100,12.94,0,0,3.353,0,0
101,2011,99,200,12.94,0,0,3.353,0,0
101,2011,99,300,12.94,0,0,3.353,.02605,0
101,2011,99,400,12.94,0,0,3.353,0,0
101,2011,99,500,12.94,.10796,0,3.353,.34729,0
101,2011,99,600,12.94,.40785,0,3.353,1.3891,0
101,2011,99,700,12.94,15.96,0,3.375,15.229,13.268
101,2011,99,800,12.94,295.61,0,12.15,274.7,275.7
101,2011,99,900,12.94,1067.8,.916,227.8,975.44,1019.3
101,2011,99,1000,12.94,2147.5,1,469.5,1982.5,2062.8
101,2011,99,1100,12.94,2986,1,619.5,2744.7,2864.9
101,2011,99,1200,12.94,3179.1,.883,605.8,2861.1,3007
101,2011,99,1300,12.94,2141.3,.3,180.5,1908.2,1978
101,2011,99,1400,12.94,3457.3,.816,534.5,3077.3,3198.9
101,2011,99,1500,12.94,3264.1,.833,567.6,2865.3,2942.1
101,2011,99,1600,12.94,647.11,.117,70.4,587.01,598.58
101,2011,99,1700,12.94,478.87,.017,39.94,439.61,444.13
101,2011,99,1800,12.93,355.19,.483,117.5,285.29,289.3
101,2011,99,1900,12.93,68.916,0,16.92,52.632,55.585
101,2011,99,2000,12.93,0,0,3.353,0,0
101,2011,99,2100,12.94,0,0,3.353,0,0
101,2011,99,2200,12.94,0,0,3.353,0,0
101,2011,99,2300,12.94,0,0,3.353,0,0
101,2011,99,2400,12.94,0,0,3.353,0,0
102,2011,99,2400,12.93,293.9,20105,6.364,145.9,18071,18749
101,2011,100,100,12.94,0,0,3.353,0,0
101,2011,100,200,12.94,0,0,3.353,0,0
101,2011,100,300,12.94,0,0,3.353,0,0
101,2011,100,400,12.94,0,0,3.353,0,0
101,2011,100,500,12.94,0,0,3.353,0,0
101,2011,100,600,12.94,0,0,3.353,0,0
101,2011,100,700,12.94,9.2247,.033,12.28,10.08,10.926
101,2011,100,800,12.94,470.13,.966,365.9,417.05,503.13
101,2011,100,900,12.94,1002.7,.7,361.8,914.41,987.72
101,2011,100,1000,12.94,2197.4,.9,614.9,1972.6,2068.2
101,2011,100,1100,12.94,3019.3,.966,737,2727.2,2868.8
101,2011,100,1200,12.94,2845.2,.766,479.3,2592.1,2706.3
101,2011,100,1300,12.94,2502.2,.433,272.1,2260.6,2351.9
101,2011,100,1400,12.94,1624.6,.233,121.1,1448.3,1482.2
101,2011,100,1500,12.94,636.45,0,8.54,619.37,615.77
101,2011,100,1600,12.94,1425.5,.433,188.4,1241.4,1268
101,2011,100,1700,12.94,530.65,0,18.79,503.9,503.45
101,2011,100,1800,12.94,146.31,0,8.27,142.81,140.98
101,2011,100,1900,12.94,35.486,0,4.196,29.378,30.714
101,2011,100,2000,12.94,0,0,3.353,0,0
101,2011,100,2100,12.94,0,0,3.353,0,0
101,2011,100,2200,12.94,0,0,3.353,0,0
101,2011,100,2300,12.94,0,0,3.353,0,0
101,2011,100,2400,12.94,0,0,3.353,0,0
102,2011,100,2400,12.94,293.9,16445,5.431,134.6,14879,15538
101,2011,101,100,12.94,0,0,3.353,0,0
101,2011,101,200,12.94,0,0,3.353,0,0
101,2011,101,300,12.94,0,0,3.353,0,0
101,2011,101,400,12.94,0,0,3.353,0,0
101,2011,101,500,12.94,0,0,3.353,0,0
101,2011,101,600,12.94,0,0,3.353,0,0
101,2011,101,700,12.94,11.036,.05,13.99,11.304,12.998
101,2011,101,800,12.94,502.31,1,425.7,438.18,548.97
101,2011,101,900,12.92,1443,1,654,1283.6,1396.8
101,2011,101,1000,12.9,2345.4,1,745,2101.5,2220.1
101,2011,101,1100,12.86,2999.7,.983,756,2684.2,2823.6
101,2011,101,1200,12.85,2930.9,.833,584,2645.6,2775
101,2011,101,1300,12.83,3769.5,.983,732,3370,3544.5
101,2011,101,1400,12.83,3570.7,.983,712,3159.2,3308.6
101,2011,101,1500,12.83,3315.7,1,802,2874,2966.4
101,2011,101,1600,12.82,2705.4,1,778,2273.8,2321.8
101,2011,101,1700,12.9,1953.1,1,730,1577.6,1601.8
101,2011,101,1800,12.91,985.19,1,589.2,712.9,733.42
101,2011,101,1900,12.91,185.83,.2,87.4,102.85,109.63
101,2011,101,2000,12.92,0,0,3.352,0,0
101,2011,101,2100,12.93,0,0,3.352,0,0
101,2011,101,2200,12.93,0,0,3.352,0,0
101,2011,101,2300,12.93,0,0,3.352,0,0
101,2011,101,2400,12.93,0,0,3.352,0,0
102,2011,101,2400,12.82,293.9,26718,11.03,318.6,23235,24364
101,2011,102,100,12.93,0,0,3.352,0,0
101,2011,102,200,12.93,0,0,3.352,0,0
101,2011,102,300,12.93,0,0,3.353,0,0
101,2011,102,400,12.93,0,0,3.352,0,0
101,2011,102,500,12.94,0,0,3.353,0,0
101,2011,102,600,12.94,0,0,3.353,0,0
101,2011,102,700,12.94,12.871,0,9.88,12.884,14.334
101,2011,102,800,12.94,503.71,.983,357.3,424.59,581.38
101,2011,102,900,12.94,1292.4,.983,563,1172.3,1307.3
101,2011,102,1000,12.94,1906.7,.783,481.6,1727.7,1808.6
101,2011,102,1100,12.94,3260.2,1,673.5,2946.5,3077.2
101,2011,102,1200,12.93,3367.7,1,698.3,3002.2,3151.7
101,2011,102,1300,12.94,3510.5,.933,581.2,3141.2,3294.9
101,2011,102,1400,12.94,3001.9,.733,479.8,2649.9,2770.2
101,2011,102,1500,12.94,1257.5,.217,113.1,1111.7,1131.8
101,2011,102,1600,12.94,322.16,0,5.844,309.86,300.95
101,2011,102,1700,12.94,1239.2,.75,412.6,1030.2,1025.5
101,2011,102,1800,12.93,919.78,.9,448.1,700.99,714.38
101,2011,102,1900,12.94,90.237,.033,27.48,67.651,71.112
101,2011,102,2000,12.94,0,0,3.352,0,0
101,2011,102,2100,12.94,0,0,3.352,0,0
101,2011,102,2200,12.94,0,0,3.352,0,0
101,2011,102,2300,12.94,0,0,3.352,0,0
101,2011,102,2400,12.93,0,0,3.352,0,0
102,2011,102,2400,12.93,293.9,20685,8.31,203.7,18298,19249
101,2011,103,100,12.94,0,0,3.352,0,0
101,2011,103,200,12.94,0,0,3.352,0,0
101,2011,103,300,12.94,0,0,3.352,0,0
101,2011,103,400,12.94,0,0,3.352,0,0
101,2011,103,500,12.94,0,0,3.352,0,0
101,2011,103,600,12.94,0,0,3.352,0,0
101,2011,103,700,12.93,10.856,0,8.3,10.496,12.335
101,2011,103,800,12.93,466.56,.883,346.5,402.68,481.4
101,2011,103,900,12.93,1453.9,1,648.3,1285.6,1406.5
101,2011,103,1000,12.93,2299.5,1,726,2043.3,2172.7
101,2011,103,1100,12.93,2758,.933,656.6,2471.7,2604.7
101,2011,103,1200,12.93,2626.5,.6,402.6,2375.2,2488.2
101,2011,103,1300,12.94,2152.4,.4,282.8,1963.2,2054.5
101,2011,103,1400,12.93,2650.9,.516,287.2,2380.7,2469.3
101,2011,103,1500,12.94,3258,.933,644.8,2859.4,2947
101,2011,103,1600,12.93,567.19,.017,23.89,526.34,527.58
101,2011,103,1700,12.93,1074.8,.75,265.5,937.42,922.1
101,2011,103,1800,12.94,468.01,.233,92,397.55,405.1
101,2011,103,1900,12.94,76.192,0,9.78,64.769,67.017
101,2011,103,2000,12.94,0,0,3.352,0,0
101,2011,103,2100,12.93,0,0,3.352,0,0
101,2011,103,2200,12.93,0,0,3.352,0,0
101,2011,103,2300,12.93,0,0,3.352,0,0
101,2011,103,2400,12.93,0,0,3.352,0,0
102,2011,103,2400,12.93,293.9,19863,7.26,184.6,17718,18558
101,2011,104,100,12.93,0,0,3.352,0,0
101,2011,104,200,12.93,0,0,3.352,0,0
101,2011,104,300,12.93,2.8428,0,3.353,2.344,2.1825
101,2011,104,400,12.93,.12596,0,3.353,.1476,.07357
101,2011,104,500,12.93,2.1172,0,3.353,3.6379,.44144
101,2011,104,600,12.94,.94766,0,3.353,1.7538,0
101,2011,104,700,12.93,17.232,0,10.04,16.583,17.511
101,2011,104,800,12.93,497.82,.983,321.1,436.99,506.1
101,2011,104,900,12.93,1392.3,.966,573.9,1238.8,1345.8
101,2011,104,1000,12.93,1991.9,.733,429.5,1808.8,1896.4
101,2011,104,1100,12.94,3033.6,1,729,2696,2849.8
101,2011,104,1200,12.94,3434.9,1,719,3061.9,3236.6
101,2011,104,1300,12.94,3737.9,1,727,3313.4,3512.6
101,2011,104,1400,12.94,3344.3,.8,518.7,2979.7,3118.6
101,2011,104,1500,12.94,1667.6,.35,227.4,1455.1,1503.1
101,2011,104,1600,12.83,2738.2,1,721,2279.5,2326.5