,13.2,1077,0,990.3,0,293.1
102,2013,190,1500,13.18,1072.6,0,174.06,0,193.9
102,2013,190,1600,13.19,897.25,0,1119.2,0,190.9
102,2013,190,1700,13.21,1346.8,0,784.35,0,181.2
102,2013,190,1800,13.22,1605.3,0,2313.4,0,200.5
102,2013,190,1900,13.24,1617.6,0,1812.5,0,181.1
102,2013,190,2000,13.26,3012,0,60.286,0,143.6
102,2013,190,2100,13.29,3382.8,0,0,0,157.7
102,2013,190,2200,13.32,2285.7,0,0,0,156
102,2013,190,2300,13.35,0,0,0,0,132.1
101,2013,190,2400,12.79,23447,17670,12761,0
102,2013,190,2400,13.37,0,0,0,0,-25.1
102,2013,191,100,13.39,0,0,0,0,-32.86
102,2013,191,200,13.4,0,0,0,0,-14.91
102,2013,191,300,13.4,0,128.83,0,0,26.32
102,2013,191,400,13.41,0,1195.3,0,0,119.2
102,2013,191,500,13.43,0,3941.5,0,0,56.2
102,2013,191,600,13.45,1421,3955.4,1449.3,0,-24.59
102,2013,191,700,13.47,3798.6,1474.6,0,0,-36.27
102,2013,191,800,13.49,0,0,0,0,12.84
102,2013,191,900,13.46,775.51,0,1563.3,0,-88.7
102,2013,191,1000,13.38,2699,0,2.3495,0,42.59
102,2013,191,1100,13.32,0,2730.2,0,0,65.08
102,2013,191,1200,13.26,17.268,0,0,0,160.9
102,2013,191,1300,13.21,632.42,85.149,566.47,0,237.7
102,2013,191,1400,13.18,0,0,1876.7,0,328.3
102,2013,191,1500,12.81,0,0,386.1,0,281.5
102,2013,191,1600,13.16,0,0,0,0,297.8
102,2013,191,1700,13.18,0,0,377.66,0,237.6
102,2013,191,1800,13.21,140.63,0,1267.6,0,194.1
102,2013,191,1900,13.23,610.38,0,2936.1,0,183.5
102,2013,191,2000,13.25,2234.8,0,711.37,0,148.8
102,2013,191,2100,13.28,3456.8,0,0,0,131.7
102,2013,191,2200,13.32,3598.7,0,0,0,131.5
102,2013,191,2300,13.34,305.34,0,0,0,112.9
101,2013,191,2400,12.81,19691,13511,11137,0
102,2013,191,2400,13.36,0,0,0,0,112.9
102,2013,192,100,13.38,0,0,0,0,18.97
102,2013,192,200,13.39,0,0,0,0,-56.68
102,2013,192,300,13.41,0,0,0,0,28.61
102,2013,192,400,13.43,0,946.42,0,0,60.73
102,2013,192,500,13.44,0,4825.1,9.3258,0,4.755
102,2013,192,600,13.46,1049.2,3441.5,2947.1,0,-132.5
102,2013,192,700,13.47,4782.1,0,763.62,0,-14.56
102,2013,192,800,13.49,2972.5,0,0,0,-3.437
102,2013,192,900,13.46,2106,0,1164.3,0,41.74
102,2013,192,1000,13.4,3650.5,0,0,0,-27.93
102,2013,192,1100,13.32,3.6862,2286.3,0,0,-149.5
102,2013,192,1200,13.26,267.4,147.73,26.547,0,66.7
102,2013,192,1300,13.22,1315.2,0,856.15,0,130.8
102,2013,192,1400,13.2,537.18,0,925.54,0,198.8
102,2013,192,1500,13.18,108.33,0,0,0,198
102,2013,192,1600,13.18,0,0,0,0,176
102,2013,192,1700,13.2,166.13,0,0,0,153.6
102,2013,192,1800,13.21,428.69,0,752.02,0,117.2
102,2013,192,1900,13.24,1284.7,0,2170,0,83.1
102,2013,192,2000,13.26,1661,0,906.42,0,65.57
102,2013,192,2100,13.3,784.46,0,0,0,67.66
102,2013,192,2200,13.34,1246,0,0,0,11.02
102,2013,192,2300,13.37,0,0,0,0,5.868
101,2013,192,2400,13.18,22363,11647,10521,0
102,2013,192,2400,13.39,0,0,0,0,-71.7
102,2013,193,100,13.4,0,0,0,0,-27.47
102,2013,193,200,13.42,0,0,0,0,-76.1
102,2013,193,300,13.44,0,2206.8,79.717,0,-18.21
102,2013,193,400,13.46,260.38,6806.5,3384.3,0,-.602
102,2013,193,500,13.48,2711.4,2839.6,1105.5,0,110.9
102,2013,193,600,13.49,1299.3,0,0,0,45.21
102,2013,193,700,13.5,670.27,0,0,0,-22.91
102,2013,193,800,13.51,6054.8,0,0,0,-20.88
102,2013,193,900,13.48,3673.5,0,1315.2,0,-16.05
102,2013,193,1000,13.42,2838.5,0,0,0,15.95
102,2013,193,1100,13.3,0,4135.3,0,0,29.39
102,2013,193,1200,13.25,24.673,369.59,27.513,0,137.2
102,2013,193,1300,13.21,636.41,95.257,501.65,0,55.54
102,2013,193,1400,13.19,106.21,0,538.02,0,108.4
102,2013,193,1500,13.18,0,0,0,0,211.8
102,2013,193,1600,13.17,0,0,124.67,0,236.8
102,2013,193,1700,13.18,0,0,0,0,249.3
102,2013,193,1800,13.21,0,0,396.97,0,233.4
102,2013,193,1900,13.24,1324.8,0,1773,0,249.2
102,2013,193,2000,13.27,1869.7,0,365.94,0,178.4
102,2013,193,2100,13.3,4389.4,0,0,0,144.1
102,2013,193,2200,13.34,944.08,0,0,0,128.5
102,2013,193,2300,13.36,0,0,0,0,170.9
101,2013,193,2400,13.17,26804,16453,9612.5,0
102,2013,193,2400,13.39,0,0,0,0,116.5
102,2013,194,100,13.4,0,0,0,0,140
102,2013,194,200,13.42,0,3018,413.12,0,151.5
102,2013,194,300,13.44,0,5946.1,2554.4,0,20.35
102,2013,194,400,13.45,201.63,2524.2,3841.7,0,-50.72
102,2013,194,500,13.47,2518,2664.8,2431.7,0,47.95
102,2013,194,600,13.48,3485.5,0,2790.4,0,3.261
102,2013,194,700,13.5,5573.7,1963.7,0,0,-19.84
102,2013,194,800,13.51,1919.7,4592.4,0,0,-131.3
102,2013,194,900,13.48,2823.1,0,1185.8,0,-189.1
102,2013,194,1000,12.73,3493.9,0,0,0,-111
102,2013,194,1100,12.72,638.57,607.92,0,0,-39.16
102,2013,194,1200,12.73,0,3447.1,0,0,-4.175
102,2013,194,1300,12.74,2.0963,0,0,0,193.6
102,2013,194,1400,12.76,2644.8,0,507.79,0,268.6
102,2013,194,1500,12.77,980.66,0,1901.9,0,257.3
102,2013,194,1600,12.78,301.32,0,824.41,0,232.8
102,2013,194,1700,12.78,83.051,0,2268.4,0,297.3
102,2013,194,1800,12.78,26.013,0,3767.4,0,233.2
102,2013,194,1900,12.77,543.31,0,1983.8,0,120.1
102,2013,194,2000,13.2,639.92,0,111.19,0,79.9
102,2013,194,2100,13.25,706.27,0,0,0,7.66
102,2013,194,2200,13.32,1963.6,0,0,0,23.67
102,2013,194,2300,13.35,0,0,0,0,39.16
101,2013,194,2400,12.72,28545,24764,24582,0
102,2013,194,2400,13.37,0,0,0,0,-36.48
102,2013,195,100,13.39,0,0,0,0,1.925
102,2013,195,200,13.41,0,0,0,0,40.62
102,2013,195,300,13.42,0,0,0,0,-21.97
102,2013,195,400,13.44,0,25.186,0,0,-85.3
102,2013,195,500,13.41,0,1203.7,0,0,-78.3
102,2013,195,600,13.46,0,5091,1001.5,0,-163.1
102,2013,195,700,13.47,101.01,7992,3442.7,0,-222.1
102,2013,195,800,13.48,3175.6,2676.5,2661.7,0,-250
102,2013,195,900,13.45,3410.1,0,1809.2,0,-107.1
102,2013,195,1000,13.39,939.58,0,0,0,30.08
102,2013,195,1100,13.31,0,4611.6,0,0,-68.14
102,2013,195,1200,13.24,0,927.8,0,0,-57.43
102,2013,195,1300,13.2,453.29,0,0,0,-19.11
102,2013,195,1400,13.19,874.42,0,602.35,0,92
102,2013,195,1500,13.18,601.72,0,752.08,0,115.1
102,2013,195,1600,13.17,981.9,0,758.74,0,192.8
102,2013,195,1700,13.19,951.89,0,1296.4,0,166.3
102,2013,195,1800,13.19,718.23,0,2789,0,163.2
102,2013,195,1900,13.22,911.71,0,2495.5,0,177.8
102,2013,195,2000,13.23,0,0,81.655,0,140
102,2013,195,2100,13.28,0,0,0,0,80.2
102,2013,195,2200,13.31,623.21,0,0,0,57.52
102,2013,195,2300,13.34,2517.2,235.66,0,0,-9.7
101,2013,195,2400,13.17,16620,22763,17691,0
102,2013,195,2400,13.36,360.57,0,0,0,-55.43
102,2013,196,100,13.39,0,0,0,0,-21.99
102,2013,196,200,13.4,0,0,0,0,-26.03
102,2013,196,300,13.42,0,0,0,0,-82.1
102,2013,196,400,13.44,0,0,0,0,-131.3
102,2013,196,500,13.46,0,113.97,0,0,-148.4
102,2013,196,600,13.48,0,2016.1,0,0,-121.9
102,2013,196,700,13.49,0,4065.4,60.632,0,-126.8
102,2013,196,800,13.51,298.02,6498.5,2737.2,0,16.24
102,2013,196,900,13.48,671.91,7853.1,742.35,0,122
102,2013,196,1000,13.4,38.215,3681.1,0,0,107.9
102,2013,196,1100,13.31,0,4624.5,0,0,-69.29
102,2013,196,1200,13.24,488.64,275.81,0,0,-36.07
102,2013,196,1300,13.18,383.85,0,930.85,0,203.5
102,2013,196,1400,13.16,0,0,0,0,401.4
102,2013,196,1500,13.14,0,15.591,0,0,373.1
102,2013,196,1600,13.15,0,0,0,0,333.1
102,2013,196,1700,13.16,0,0,0,0,174.1
102,2013,196,1800,13.2,0,0,0,0,158.1
102,2013,196,1900,12.77,0,0,0,0,69.4
102,2013,196,2000,12.77,266.12,0,1616.6,0,13.32
102,2013,196,2100,13.28,44.146,0,47.184,0,19.44
102,2013,196,2200,13.32,1884.5,0,0,0,-10.27
102,2013,196,2300,13.35,1698,0,0,0,-36.47
101,2013,196,2400,12.77,5773.4,29144,6134.9,0
102,2013,196,2400,13.39,0,0,0,0,-30.24
102,2013,197,100,13.41,0,89.056,0,0,-95.6
102,2013,197,200,13.43,0,0,0,0,-42.04
102,2013,197,300,13.45,0,.35075,0,0,-20.03
102,2013,197,400,13.47,0,1117.5,0,0,50.58
102,2013,197,500,13.49,418.8,4835.4,452.94,0,-6.725
102,2013,197,600,13.51,2026.2,1309,746.55,0,-42.38
102,2013,197,700,13.52,4306.4,0,2850.9,0,-60.59
102,2013,197,800,13.53,4910,0,3276.8,0,114.1
102,2013,197,900,13.5,3935.2,0,1.9063,0,95.1
102,2013,197,1000,13.42,756.41,3322.3,0,0,222.2
102,2013,197,1100,13.32,0,1045.4,0,0,63.82
102,2013,197,1200,13.26,830.88,0,0,0,65.63
102,2013,197,1300,13.2,347.11,0,943.65,0,132.2
102,2013,197,1400,13.18,0,0,0,0,222.5
102,2013,197,1500,13.16,0,0,0,0,281.3
102,2013,197,1600,13.15,0,0,0,0,325.5
102,2013,197,1700,13.18,0,0,0,0,215
102,2013,197,1800,13.19,82.802,0,0,0,200.9
102,2013,197,1900,13.21,53.038,0,579.6,0,154.5
102,2013,197,2000,13.23,362.04,0,0,0,104.1
102,2013,197,2100,13.26,0,0,0,0,54.28
102,2013,197,2200,13.29,722.13,0,0,0,48.44
102,2013,197,2300,13.3,3574.9,0,0,0,66.26
101,2013,197,2400,13.15,22929,11719,8852.4,0
102,2013,197,2400,13.33,603.14,0,0,0,94.5
102,2013,198,100,13.35,0,0,0,0,104.9
102,2013,198,200,13.37,0,0,0,0,164.9
102,2013,198,300,13.37,0,0,0,0,131.9
102,2013,198,400,13.39,0,0,0,0,129.1
102,2013,198,500,13.4,0,1527.8,0,0,182.7
102,2013,198,600,13.42,1808.2,325.7,2263.8,0,174.7
102,2013,198,700,13.44,1603.9,0,1122.2,0,214.4
102,2013,198,800,13.46,0,0,0,0,108.1
102,2013,198,900,13.45,0,0,628.85,0,240.2
102,2013,198,1000,13.39,1612.8,0,10.877,0,258.9
102,2013,198,1100,13.33,64.515,2437.6,0,0,33.33
102,2013,198,1200,13.25,0,332.98,0,0,-11.69
102,2013,198,1300,13.2,525.9,0,0,0,27.03
102,2013,198,1400,13.18,1008.1,0,750.44,0,191.3
102,2013,198,1500,13.16,8.2593,0,123.6,0,199.4
102,2013,198,1600,13.16,0,0,0,0,224.8
102,2013,198,1700,13.17,0,0,620.62,0,150
102,2013,198,1800,13.19,246.61,0,2158.5,0,102.2
102,2013,198,1900,13.22,1309.1,0,1115.5,0,95.4
102,2013,198,2000,13.24,389.7,0,81.155,0,61.16
102,2013,198,2100,13.28,631.83,0,0,0,2.233
102,2013,198,2200,13.31,2629.4,0,0,0,-55.78
102,2013,198,2300,13.34,0,0,0,0,-63.26
101,2013,198,2400,13.16,11838,4624.1,8875.5,0
102,2013,198,2400,13.35,0,0,0,0,-94.1
102,2013,199,100,13.37,0,0,0,0,3.353
102,2013,199,200,13.39,0,0,0,0,-23.25
102,2013,199,300,13.41,0,1546,0,0,-27.84
102,2013,199,400,13.42,0,4757.9,0,0,-35.66
102,2013,199,500,13.43,0,7552.9,0,0,-28.24
102,2013,199,600,13.44,543.23,1829.1,14.578,0,-22.24
102,2013,199,700,13.45,2933.2,0,1909.8,0,-27.64
102,2013,199,800,13.46,5029.3,0,2932.9,0,-59.72
102,2013,199,900,13.46,5374.8,0,2872,0,-20.58
102,2013,199,1000,13.43,4558.7,0,0,0,70.6
102,2013,199,1100,13.35,2647.7,0,0,0,19.13
102,2013,199,1200,13.3,0,4577.2,0,0,28.68
102,2013,199,1300,13.24,0,27.628,0,0,28.87
102,2013,199,1400,13.22,1128.1,0,0,0,130
102,2013,199,1500,13.2,114.54,0,0,0,92.9
102,2013,199,1600,13.19,219.11,0,0,0,166.2
102,2013,199,1700,13.21,253.94,0,0,0,102.5
102,2013,199,1800,13.22,113.25,0,0,0,140.4
102,2013,199,1900,13.25,0,0,0,0,138.4
102,2013,199,2000,13.27,0,0,0,0,190.7
102,2013,199,2100,13.3,551.27,0,0,0,142.6
102,2013,199,2200,13.33,776.02,0,0,0,166.1
102,2013,199,2300,13.35,0,0,0,0,110.8
101,2013,199,2400,13.19,24243,20291,7729.2,0
102,2013,199,2400,13.37,0,0,0,0,58.23
102,2013,200,100,13.4,0,0,0,0,-17.95
102,2013,200,200,13.41,0,0,0,0,71.8
102,2013,200,300,13.43,0,0,0,0,143.5
102,2013,200,400,13.45,0,3759.5,0,0,44.3
102,2013,200,500,13.46,0,5287.6,0,0,14.35
102,2013,200,600,13.46,1391.7,8476.7,727.29,0,-99.2
102,2013,200,700,13.47,3177.1,310.34,1973,0,-58.92
102,2013,200,800,13.49,5372.9,0,5597.5,0,-226.9
102,2013,200,900,13.49,5357.4,0,1519.7,0,-181.3
102,2013,200,1000,13.42,4316.9,0,0,0,-174.4
102,2013,200,1100,13.35,818.12,2195,0,0,-102.9
102,2013,200,1200,13.29,63.588,120.18,0,0,-4.884
102,2013,200,1300,13.23,1537.5,3.4005,20.569,0,99.6
102,2013,200,1400,13.21,347.12,0,79.614,0,129.3
102,2013,200,1500,13.19,126.69,0,6.7243,0,85.4
102,2013,200,1600,13.19,264.13,0,74.994,0,52.13
102,2013,200,1700,13.2,12.554,0,0,0,-28.7
102,2013,200,1800,13.22,38.79,0,29.684,0,-36.84
102,2013,200,1900,13.23,99.18,0,0,0,21.51
102,2013,200,2000,13.25,345.14,0,0,0,69.48
102,2013,200,2100,13.29,3796,0,0,0,95.1
102,2013,200,2200,13.32,3.686,0,0,0,-20.84
102,2013,200,2300,13.34,0,0,0,0,-78.1
101,2013,200,2400,13.19,27069,20559,10029,0
102,2013,200,2400,13.35,0,406.17,0,0,-134.6
102,2013,201,100,13.37,0,1157.3,0,0,112.1
102,2013,201,200,13.38,0,5054.1,0,0,53.78
102,2013,201,300,13.4,625.63,4071.1,1602.8,0,-160.4
102,2013,201,400,13.41,4179.3,0,4763.6,0,-154.5
102,2013,201,500,13.43,2221.4,0,2091.4,0,-56.34
102,2013,201,600,13.44,0,0,1526.5,0,-36.29
102,2013,201,700,13.46,0,5537.5,0,0,-154.6
102,2013,201,800,13.48,0,3910.6,0,0,-112.1
102,2013,201,900,13.46,0,0,477.28,0,-29.61
102,2013,201,1000,13.39,0,0,328.03,0,-75.4
102,2013,201,1100,13.31,852.45,0,0,0,-127.7
102,2013,201,1200,13.25,0,2595.8,0,0,-28.91
102,2013,201,1300,13.2,1152.9,117.11,0,0,158.1
102,2013,201,1400,13.19,164.93,0,143.07,0,150.5
102,2013,201,1500,13.18,46.713,0,1984.5,0,88
102,2013,201,1600,13.17,0,0,1732.3,0,110
102,2013,201,1700,13.17,761.3,0,2200.9,0,101.2
102,2013,201,1800,13.19,1395.2,0,1464.8,0,19.1
102,2013,201,1900,13.21,207.92,0,1092.7,0,-52.22
102,2013,201,2000,12.82,2.9745,0,52.292,0,-33.27
102,2013,201,2100,13.28,2810,0,0,0,-147.1
102,2013,201,2200,13.31,2436.1,0,0,0,-200.2
102,2013,201,2300,13.34,0,0,0,0,-224.4
101,2013,201,2400,12.82,16857,22443,19460,0
102,2013,201,2400,13.36,0,0,0,0,-180.8
102,2013,202,100,13.38,0,0,0,0,-254.8
102,2013,202,200,13.4,0,0,0,0,-268.4
102,2013,202,300,13.4,0,631.58,0,0,-417.2
102,2013,202,400,13.42,0,4345.9,134.16,0,-358.8
102,2013,202,500,13.43,77.479,5064,1487.2,0,-195
102,2013,202,600,13.46,2250.1,1861,4307.3,0,-123.8
102,2013,202,700,13.47,2779.3,0,582.07,0,-235.5
102,2013,202,800,13.48,1012.6,0,2645.1,0,-182.9
102,2013,202,900,13.45,0,0,3288.9,0,-192.1
102,2013,202,1000,13.39,0,0,0,0,-132.8
102,2013,202,1100,13.32,871.11,1624,0,0,-237.1
102,2013,202,1200,13.25,215.44,330,0,0,-145.4
102,2013,202,1300,13.22,1562.3,0,0,0,-208.4
102,2013,202,1400,13.19,238.72,0,0,0,-74.9
102,2013,202,1500,13.19,678.05,0,164.18,0,9.57
102,2013,202,1600,13.19,1053.4,0,4.3274,0,-65.21
102,2013,202,1700,13.2,213.99,0,293.8,0,-55.87
102,2013,202,1800,13.2,40.389,0,14.328,0,-88.8
102,2013,202,1900,13.22,21.061,0,0,0,-98.9
102,2013,202,2000,13.26,0,0,0,0,-63.95
102,2013,202,2100,13.3,1426.3,0,0,0,-125.8
102,2013,202,2200,13.34,0,0,0,0,-181.2
102,2013,202,2300,13.36,0,0,0,0,-212.1
101,2013,202,2400,13.19,12440,13958,12921,0
102,2013,202,2400,13.39,0,101.38,0,0,-236.1
102,2013,203,100,13.41,0,2107.4,0,0,-432.4
102,2013,203,200,13.41,0,4329.2,0,0,-360.1
102,2013,203,300,13.41,0,5736.9,0,0,-243.5
102,2013,203,400,13.43,0,7640.5,942.42,0,-434
102,2013,203,500,13.44,415.61,6573.6,2052,0,-441.7
102,2013,203,600,13.44,4022.8,0,5034,0,-380.1
102,2013,203,700,13.42,5320.4,0,4676.4,0,-299.4
102,2013,203,800,13.42,1336.8,0,460.66,0,-436.7
102,2013,203,900,13.42,0,0,2524.7,0,-379.2
102,2013,203,1000,13.35,1604.8,0,0,0,-300
102,2013,203,1100,13.27,95.16,2232.7,0,0,-140.8
102,2013,203,1200,13.2,1324.2,358.44,0,0,-.614
102,2013,203,1300,13.19,458.35,12.569,0,0,52.7
102,2013,203,1400,13.17,78.295,0,0,0,110.4
102,2013,203,1500,13.17,48.01,0,30.203,0,53.42
102,2013,203,1600,13.17,0,0,395.3,0,42.13
102,2013,203,1700,13.17,228.99,0,255.13,0,26.14
102,2013,203,1800,13.18,212.07,0,83.917,0,-58.36
102,2013,203,1900,13.23,95.678,0,0,0,7.81
102,2013,203,2000,13.27,29.434,0,0,0,-35.5
102,2013,203,2100,13.29,0,0,0,0,-13.88
102,2013,203,2200,13.32,2988.2,0,0,0,-45.96
102,2013,203,2300,13.35,269.76,0,0,0,-111.2
101,2013,203,2400,13.17,18529,28991,16455,0
102,2013,203,2400,13.37,0,0,0,0,-147.7
102,2013,204,100,13.39,0,0,0,0,-128.5
102,2013,204,200,13.41,0,0,0,0,-64.65
102,2013,204,300,13.42,0,27.115,0,0,-84.6
102,2013,204,400,13.44,0,1440.1,0,0,-219.1
102,2013,204,500,13.46,0,4433.9,65.66,0,-331.7
102,2013,204,600,12.75,698.38,7432.7,680.72,0,-233.7
102,2013,204,700,12.69,3340.8,1223.3,3300.8,0,-204
102,2013,204,800,12.69,3898.7,0,2241.9,0,-133.8
102,2013,204,900,13.07,3334.8,0,65.909,0,-137.3
102,2013,204,1000,13.38,1442.3,0,0,0,30.34
102,2013,204,1100,13.29,0,3031.8,0,0,-53.83
102,2013,204,1200,13.23,660.56,344.99,36.822,0,58.82
102,2013,204,1300,13.2,19.478,0,0,0,178
102,2013,204,1400,13.17,181.8,0,216,0,95.7
102,2013,204,1500,13.16,831.89,0,981.38,0,183.1
102,2013,204,1600,13.15,.90984,0,2466.9,0,186.2
102,2013,204,1700,13.17,373.08,0,1328.6,0,156.7
102,2013,204,1800,13.19,539.64,0,97.534,0,114.5
102,2013,204,1900,12.78,75.508,0,0,0,113.6
102,2013,204,2000,12.78,0,0,0,0,70.7
102,2013,204,2100,13.28,636.11,0,0,0,58.71
102,2013,204,2200,13.32,1419.2,0,0,0,2.697
102,2013,204,2300,13.34,0,0,0,0,-79.9
101,2013,204,2400,12.69,17453,17934,11482,0
102,2013,204,2400,13.36,0,0,0,0,-116
102,2013,205,100,13.39,0,0,0,0,-159.5
102,2013,205,200,13.41,0,0,0,0,-133.6
102,2013,205,300,13.41,0,491.94,0,0,-321.5
102,2013,205,400,13.43,0,2593.9,0,0,-317.1
102,2013,205,500,13.45,91.713,6322.7,0,0,-389.4
102,2013,205,600,13.46,2454.3,1745.6,1671.9,0,-275.3
102,2013,205,700,13.47,4569.9,0,2917.2,0,-317.9
102,2013,205,800,12.76,5754.8,0,3751.3,0,-196.3
102,2013,205,900,13.47,4969.3,0,739.63,0,-169.9
102,2013,205,1000,13.43,3265.6,0,0,0,-240.5
102,2013,205,1100,13.34,1238,1859.2,0,0,-270.2
102,2013,205,1200,13.27,400.71,379.63,0,0,-207.3
102,2013,205,1300,13.22,314,0,0,0,-143.4
102,2013,205,1400,13.17,39.667,0,81.387,0,-111.7
102,2013,205,1500,13.16,103.75,0,15.815,0,17.85
102,2013,205,1600,13.16,266.94,0,986.28,0,49.67
102,2013,205,1700,13.18,0,0,540.92,0,-46.4
102,2013,205,1800,13.2,0,0,86.165,0,-113.6
102,2013,205,1900,13.22,0,0,5.514,0,-92.4
102,2013,205,2000,13.24,0,0,0,0,-70.4
102,2013,205,2100,13.28,58.465,0,0,0,-108.4
102,2013,205,2200,13.32,2124.1,0,0,0,-144.8
102,2013,205,2300,13.35,65.789,0,0,0,-185.7
101,2013,205,2400,12.76,25717,13393,10796,0
102,2013,205,2400,13.37,0,0,0,0,-207.5
102,2013,206,100,13.39,0,0,0,0,-215.8
102,2013,206,200,13.39,0,0,0,0,-202
102,2013,206,300,13.41,0,21.578,0,0,-198.6
102,2013,206,400,13.43,0,4035.2,0,0,-224.2
102,2013,206,500,13.45,0,5814.4,0,0,-246.1
102,2013,206,600,13.46,294.49,7623.4,0,0,-216.1
102,2013,206,700,13.46,2362.7,0,46.192,0,-242.7
102,2013,206,800,13.48,5114,0,2151.6,0,-209
102,2013,206,900,13.46,4071.1,0,357.93,0,-231
102,2013,206,1000,13.26,1936,818.93,0,0,-292.9
102,2013,206,1100,12.74,49.121,1116.9,0,0,-270.5
102,2013,206,1200,12.74,2457.1,24.413,0,0,-185.9
102,2013,206,1300,12.76,340.59,0,0,0,-50.24
102,2013,206,1400,12.77,340.48,124.51,32.023,0,74.4
102,2013,206,1500,13.16,128.35,0,354.22,0,169.4
102,2013,206,1600,13.18,312.98,0,1020.8,0,190.5
102,2013,206,1700,13.19,367.87,0,651.62,0,172.3
102,2013,206,1800,13.22,0,0,33.078,0,103.5
102,2013,206,1900,13.26,81.978,0,0,0,91.8
102,2013,206,2000,13.27,0,0,0,0,136.1
102,2013,206,2100,13.3,0,0,0,0,73.6
102,2013,206,2200,13.34,2311.9,0,0,0,93.4
102,2013,206,2300,13.36,924.82,0,0,0,-4.429
101,2013,206,2400,12.74,21093,19579,4647.5,0
102,2013,206,2400,13.37,0,0,0,0,2.195
102,2013,207,100,13.39,0,0,0,0,32.08
102,2013,207,200,13.41,0,0,0,0,123.9
102,2013,207,300,13.43,0,251.62,0,0,111.7
102,2013,207,400,13.45,0,3562.7,0,0,-14.11
102,2013,207,500,13.46,505.16,896.47,0,0,44.77
102,2013,207,600,13.47,26.549,5215.6,0,0,55.35
102,2013,207,700,13.47,180.51,0,0,0,105.5
102,2013,207,800,13.47,841.16,0,0,0,14.38
102,2013,207,900,13.45,999.49,0,0,0,19.89
102,2013,207,1000,13.39,262.18,1713.9,0,0,57.96
102,2013,207,1100,13.31,33.712,801.45,0,0,22.97
102,2013,207,1200,13.25,470.44,17.808,0,0,125.8
102,2013,207,1300,13.22,0,0,52.783,0,114.7
102,2013,207,1400,13.18,0,0,0,0,138.1
102,2013,207,1500,13.18,0,0,1.5664,0,151.6
102,2013,207,1600,13.18,0,0,0,0,135.4
102,2013,207,1700,13.19,0,0,0,0,130.1
102,2013,207,1800,13.22,0,0,0,0,53.78
102,2013,207,1900,13.24,90.912,0,0,0,11.85
102,2013,207,2000,13.25,5.3161,0,0,0,36.57
102,2013,207,2100,13.29,0,0,0,0,58.76
102,2013,207,2200,13.32,1353.9,0,0,0,45.2
102,2013,207,2300,13.34,561.21,0,0,0,55.51
101,2013,207,2400,13.18,5330.6,12459,54.349,0
102,2013,207,2400,13.37,0,0,0,0,-7.36
102,2013,208,100,13.39,0,0,0,0,18.97
102,2013,208,200,13.41,0,224.94,0,0,195.6
102,2013,208,300,13.41,0,4803.5,0,0,183.4
102,2013,208,400,13.42,7.4349,4992.6,0,0,314.2
102,2013,208,500,13.43,1204.6,0,0,0,239
102,2013,208,600,13.44,2997.6,0,4.295,0,314.5
102,2013,208,700,13.44,5047.7,0,2201.1,0,136.4
102,2013,208,800,13.44,3756.3,285.45,4056,0,78.5
102,2013,208,900,13.44,0,0,2998.3,0,125.7
102,2013,208,1000,13.41,2286.2,0,0,0,185.5
102,2013,208,1100,13.35,535.55,0,0,0,107.8
102,2013,208,1200,13.29,39.566,2312.4,0,0,130.2
102,2013,208,1300,13.22,0,307.5,0,0,-6.769
102,2013,208,1400,13.22,512.68,0,0,0,-7.6
102,2013,208,1500,13.18,0,0,0,0,73.5
102,2013,208,1600,13.19,67.877,0,0,0,72.7
102,2013,208,1700,13.21,65.119,0,0,0,46.95
102,2013,208,1800,13.22,0,0,0,0,41.15
102,2013,208,1900,13.23,0,0,74.389,0,23.5
102,2013,208,2000,13.25,81.078,0,0,0,18.1
102,2013,208,2100,13.28,795.04,0,0,0,64.43
102,2013,208,2200,12.77,548.92,0,0,0,29.81
102,2013,208,2300,12.74,0,0,0,0,-6.921
101,2013,208,2400,12.74,17946,12926,9334,0
102,2013,208,2400,13.36,0,0,0,0,2.498
102,2013,209,100,13.37,0,2378,0,0,-41.41
102,2013,209,200,13.39,0,4728,0,0,-34.04
102,2013,209,300,13.41,0,0,0,0,127.8
102,2013,209,400,13.41,0,0,0,0,144
102,2013,209,500,13.42,0,0,0,0,52.22
102,2013,209,600,13.43,0,0,0,0,-19.77
102,2013,209,700,13.43,0,0,0,0,73.1
102,2013,209,800,13.43,0,0,0,0,148.5
102,2013,209,900,13.43,0,0,0,0,257.2
102,2013,209,1000,13.42,0,0,0,0,193.1
102,2013,209,1100,13.37,0,0,0,0,159.5
102,2013,209,1200,13.32,86.845,0,0,0,85.9
102,2013,209,1300,13.23,24.379,2940.9,0,0,8.21
102,2013,209,1400,13.22,83.235,573.21,0,0,122.4
102,2013,209,1500,13.26,0,1483.1,0,0,171.4
102,2013,209,1600,13.29,243.64,0,0,0,217.6
102,2013,209,1700,13.3,222.66,0,0,0,52.17
102,2013,209,1800,13.33,0,18.072,0,0,102.4
102,2013,209,1900,13.33,0,560.52,0,0,189.3
102,2013,209,2000,13.34,0,2347.6,0,0,109.3
102,2013,209,2100,13.36,0,4467.5,0,0,95.8
102,2013,209,2200,13.37,84.54,4579.1,0,0,8.69
102,2013,209,2300,13.39,391.14,6135,2169.7,0,142.9
101,2013,209,2400,13.22,1136.4,30211,5383,0
102,2013,209,2400,13.41,0,0,3213.3,0,110
102,2013,210,100,13.42,0,0,0,0,-100.9
102,2013,210,200,13.44,0,708.73,0,0,-37.88
102,2013,210,300,13.45,0,1553.4,0,0,-11.95
102,2013,210,400,13.46,0,0,0,0,131.4
102,2013,210,500,13.47,0,2531.8,0,0,164.4
102,2013,210,600,13.48,0,0,0,0,347.4
102,2013,210,700,13.49,0,0,0,0,394.3
102,2013,210,800,13.5,0,0,0,0,282.1
102,2013,210,900,13.46,0,200.8,870.77,0,182.9
102,2013,210,1000,13.41,0,0,243.33,0,110.9
102,2013,210,1100,13.34,300,0,0,0,251.3
102,2013,210,1200,13.28,25.708,2059.2,0,0,203.3
102,2013,210,1300,13.23,0,404.26,0,0,120.5
102,2013,210,1400,13.21,21.202,0,0,0,283.2
102,2013,210,1500,13.21,33.727,0,0,0,272.1
102,2013,210,1600,13.2,107.81,0,223.27,0,277
102,2013,210,1700,13.23,49.161,0,179.24,0,183.4
102,2013,210,1800,13.23,0,0,157.48,0,188.6
102,2013,210,1900,13.24,12.942,0,0,0,176.3
102,2013,210,2000,13.28,0,0,0,0,224.7
102,2013,210,2100,13.29,45.041,695.43,0,0,291.6
102,2013,210,2200,13.31,0,0,0,0,360.7
102,2013,210,2300,13.34,0,0,0,0,302.1
101,2013,210,2400,13.2,595.6,10462,1674.1,0
102,2013,210,2400,13.36,0,2308.8,0,0,245.3
102,2013,211,100,13.38,20.217,5827.2,54.718,0,163.8
102,2013,211,200,13.4,299.07,0,3071.6,0,257.1
102,2013,211,300,13.42,0,3828.2,566.21,0,328.1
102,2013,211,400,13.43,0,1300.3,1830.3,0,281
102,2013,211,500,13.44,0,3740.5,0,0,368.1
102,2013,211,600,13.44,0,0,849.3,0,298.4
102,2013,211,700,13.44,0,0,5166.2,0,137.1
102,2013,211,800,13.42,0,0,5369.3,0,237.2
102,2013,211,900,13.39,0,0,1620.6,0,429.2
102,2013,211,1000,13.36,0,0,0,0,501.2
102,2013,211,1100,13.3,354.41,0,0,0,407.9
102,2013,211,1200,12.75,0,2407,0,0,230.9
102,2013,211,1300,12.73,192.32,28.292,0,0,107.1
102,2013,211,1400,12.73,582.1,0,0,0,48.12
102,2013,211,1500,12.73,362.84,0,0,0,-13.12
102,2013,211,1600,12.73,610.12,0,0,0,86.4
102,2013,211,1700,13.21,985.28,0,0,0,75.4
102,2013,211,1800,13.23,887.31,0,0,0,105.5
102,2013,211,1900,13.25,569.58,0,0,0,104.2
102,2013,211,2000,13.28,685.98,0,0,0,111.8
102,2013,211,2100,13.3,0,0,0,0,-43.78
102,2013,211,2200,13.32,0,20.478,0,0,-103.1
102,2013,211,2300,13.33,0,0,0,0,-20.23
101,2013,211,2400,12.73,5549.2,17279,18528,0
102,2013,211,2400,13.35,0,126.67,0,0,36.5
102,2013,212,100,13.37,0,1934.4,43.882,0,20.51
102,2013,212,200,13.39,1042.2,6779,1356.4,0,142.6
102,2013,212,300,13.4,985.31,155.29,0,0,54.64
102,2013,212,400,13.41,0,0,244.51,0,-171.3
102,2013,212,500,13.42,0,0,5847.3,0,-98.2
102,2013,212,600,13.42,0,0,4797.9,0,-56.09
102,2013,212,700,13.42,0,0,1744,0,-191.3
102,2013,212,800,13.43,377.32,62.579,535.84,0,44.9
102,2013,212,900,12.72,1803.1,122.05,757.66,0,59.04
102,2013,212,1000,12.72,1125.5,302.49,1504.5,0,34.6
102,2013,212,1100,12.73,230.51,1680,2068.7,0,145.8
102,2013,212,1200,13.34,543.21,0,1517.8,0,-36.25
102,2013,212,1300,13.3,312.59,3091.8,0,0,-88
102,2013,212,1400,13.3,0,1309.6,0,0,-283.2
102,2013,212,1500,13.31,0,0,0,0,-162.5
102,2013,212,1600,13.32,0,0,0,0,-216.7
102,2013,212,1700,13.33,0,5.5337,99.811,0,-365.7
102,2013,212,1800,13.37,0,1974.3,61.088,0,-311.5
102,2013,212,1900,13.37,0,1404.1,0,0,-293
102,2013,212,2000,13.37,0,1737.8,0,0,-363.3
102,2013,212,2100,13.36,451.73,4729.3,0,0,-357
102,2013,212,2200,13.37,422.61,5824.8,0,0,-210.8
102,2013,212,2300,13.38,114.95,6129.5,0,0,-326.8
101,2013,212,2400,12.72,7409,44432,20845,0
102,2013,212,2400,13.39,0,7189.1,266.04,0,-328.3
102,2013,213,100,13.41,0,7202.2,2388,0,-167.4
102,2013,213,200,13.41,0,8173.3,2729.7,0,-204.3
102,2013,213,300,12.72,0,6650.8,3523.8,0,-154.6
102,2013,213,400,12.71,0,1934.2,0,0,-42.69
102,2013,213,500,12.7,0,462.99,0,0,-82.4
102,2013,213,600,12.7,0,6385.5,0,0,130.2
102,2013,213,700,12.69,0,5475.7,0,0,130.6
102,2013,213,800,12.69,0,6322.7,0,0,187.9
102,2013,213,900,12.69,0,6978.8,2963.2,0,107.1
102,2013,213,1000,12.69,0,280.76,175.86,0,134.3
102,2013,213,1100,12.83,0,0,0,0,38.17
102,2013,213,1200,13.27,344.77,2936.5,0,0,-60.15
102,2013,213,1300,13.32,0,2458.4,130.3,0,-53.72
102,2013,213,1400,12.82,0,1745,0,0,-48.28
102,2013,213,1500,12.76,0,2467.8,0,0,-53.2
102,2013,213,1600,12.75,0,3246.5,0,0,17.52
102,2013,213,1700,12.74,0,310.13,0,0,-61.48
102,2013,213,1800,13.3,0,44.259,0,0,95.1
102,2013,213,1900,13.34,0,55.746,0,0,167.1
102,2013,213,2000,13.35,0,64.903,0,0,162.1
102,2013,213,2100,13.37,0,0,0,0,123.1
102,2013,213,2200,13.39,0,1390.6,0,0,66.77
102,2013,213,2300,13.39,0,3512.5,0,0,2.592
101,2013,213,2400,12.69,344.77,72470,11911,0
102,2013,213,2400,13.41,0,4370.5,0,0,19.12
102,2013,214,100,13.43,32.142,5753.7,0,0,-81
102,2013,214,200,13.44,1764.2,7388,.99653,0,-213.6
102,2013,214,300,13.45,3866.6,5767.7,1541.3,0,-82.3
102,2013,214,400,13.46,1547.9,0,3947.4,0,-163.6
102,2013,214,500,13.46,0,0,2721.5,0,-94.9
102,2013,214,600,13.46,0,0,2073.9,0,-51.72
102,2013,214,700,13.48,0,0,0,0,50.14
102,2013,214,800,13.48,0,0,0,0,96.5
102,2013,214,900,13.47,0,0,2102,0,56.38
102,2013,214,1000,13.41,0,0,0,0,42.76
102,2013,214,1100,13.34,142.82,1724.6,0,0,-156.3
102,2013,214,1200,13.28,0,4109.7,0,0,10.98
102,2013,214,1300,13.26,4.0501,1459.7,0,0,18.9
102,2013,214,1400,13.25,31.46,337.14,0,0,164.1
102,2013,214,1500,13.25,161.46,67.078,0,0,244.3
102,2013,214,1600,13.24,113.9,0,0,0,183.4
102,2013,214,1700,13.23,281.11,0,12.206,0,124.6
102,2013,214,1800,13.25,485.76,0,0,0,212.8
102,2013,214,1900,13.29,465.42,7.0337,0,0,209.4
102,2013,214,2000,13.29,0,0,0,0,115.3
102,2013,214,2100,13.32,0,3.5658,0,0,205.1
102,2013,214,2200,13.34,0,62.789,0,0,279.2
102,2013,214,2300,13.36,0,860.98,0,0,258
101,2013,214,2400,13.23,8896.8,29353,12399,0
102,2013,214,2400,13.37,0,1811.3,0,0,220.4
102,2013,215,100,13.37,0,2234.5,0,0,110.9
102,2013,215,200,13.38,0,2845.8,0,0,108
102,2013,215,300,13.39,0,4017.6,0,0,217.2
102,2013,215,400,13.4,0,6013.8,0,0,346.3
102,2013,215,500,13.41,87.895,7513.6,122.7,0,293.7
102,2013,215,600,13.41,308.39,898.24,1804.6,0,142.6
102,2013,215,700,13.43,0,0,0,0,154.8
102,2013,215,800,13.43,0,0,2276,0,108.8
102,2013,215,900,13.43,0,0,3297,0,131.5
102,2013,215,1000,13.41,0,0,501.01,0,327.9
102,2013,215,1100,13.37,0,0,0,0,364.6
102,2013,215,1200,13.34,57.776,0,0,0,263
102,2013,215,1300,13.31,0,4415.7,0,0,225.6
102,2013,215,1400,13.26,30.682,133.7,0,0,421.4
102,2013,215,1500,13.31,113.01,43.769,0,0,122
102,2013,215,1600,13.28,116.57,0,0,0,147.4
102,2013,215,1700,13.28,0,0,0,0,188.2
102,2013,215,1800,13.34,0,0,0,0,208.7
102,2013,215,1900,13.35,0,0,0,0,144.6
102,2013,215,2000,13.35,0,0,0,0,78.3
102,2013,215,2100,13.37,0,0,0,0,-31.04
102,2013,215,2200,13.39,0,40.427,0,0,164.8
102,2013,215,2300,13.39,0,1931.2,0,0,24.6
101,2013,215,2400,13.26,714.32,33971,8001.3,0
102,2013,215,2400,13.41,0,3883.2,0,0,-67.28
102,2013,216,100,13.43,0,5748.4,0,0,.039
102,2013,216,200,13.43,1733.3,3435.3,1436.8,0,162.2
102,2013,216,300,13.45,5448.8,4924.1,0,0,191.8
102,2013,216,400,13.47,4208.9,2197.4,218.27,0,261.9
102,2013,216,500,13.48,2965.4,2473.2,1154.5,0,386.9
102,2013,216,600,13.49,4169.2,657.19,3065.2,0,366.7
102,2013,216,700,13.49,5624.6,5051.7,2792.7,0,322
102,2013,216,800,13.49,4252.9,0,2661.1,0,397.4
102,2013,216,900,13.49,0,0,798.05,0,380.3
102,2013,216,1000,12.76,0,0,0,0,299.5
102,2013,216,1100,13.33,2167.4,0,0,0,306.2
102,2013,216,1200,13.29,394.06,3467.7,0,0,126
102,2013,216,1300,13.24,4560.1,696.33,0,0,217
102,2013,216,1400,13.24,128.03,2.6305,0,0,141.3
102,2013,216,1500,13.22,0,0,0,0,219
102,2013,216,1600,13.2,0,0,0,0,217.4
102,2013,216,1700,12.78,2218.5,0,0,0,277.2
102,2013,216,1800,13.22,3454.8,16.691,0,0,328.3
102,2013,216,1900,13.24,363.58,0,0,0,190.5
102,2013,216,2000,13.27,0,0,0,0,119.2
102,2013,216,2100,13.3,0,301.84,52.744,0,100.6
102,2013,216,2200,13.34,0,2219.2,0,0,26.08
102,2013,216,2300,13.36,0,5302.3,0,0,26.86
101,2013,216,2400,12.76,41690,43995,12180,0
102,2013,216,2400,13.38,0,7501.1,0,0,-34.92
102,2013,217,100,13.39,0,8034.3,0,0,-139.9
102,2013,217,200,13.39,0,8330.2,0,0,-121.3
102,2013,217,300,13.4,0,6165.7,0,0,-127.1
102,2013,217,400,13.4,0,0,0,0,-40.42
102,2013,217,500,13.41,103.45,0,0,0,39.43
102,2013,217,600,13.41,1197,0,0,0,6.888
102,2013,217,700,13.41,3498.8,0,34.192,0,69.4
102,2013,217,800,13.42,3329.4,0,259.09,0,225.9
102,2013,217,900,13.43,2567.5,0,485.79,0,287.4
102,2013,217,1000,13.38,1763.5,0,0,0,167.3
102,2013,217,1100,13.31,0,4569.5,0,0,197.6
102,2013,217,1200,13.28,947.96,3310.8,0,0,68.52
102,2013,217,1300,13.27,3567,365.12,0,0,128.1
102,2013,217,1400,13.25,3815,11.438,0,0,-13.33
102,2013,217,1500,13.25,5163.9,0,0,0,10.28
102,2013,217,1600,13.23,5562.1,0,33.851,0,11.22
102,2013,217,1700,13.24,5771.9,0,0,0,37.12
102,2013,217,1800,13.25,3435.7,0,0,0,-27.69
102,2013,217,1900,13.29,300.1,0,0,0,16.4
102,2013,217,2000,13.3,0,30.453,0,0,45.16
102,2013,217,2100,13.33,0,0,0,0,-196.5
102,2013,217,2200,13.36,0,0,0,0,-145.1
102,2013,217,2300,13.37,0,0,0,0,-309.1
101,2013,217,2400,13.23,41023,31071,812.92,0
102,2013,217,2400,13.39,0,253.94,0,0,-173.4
102,2013,218,100,13.39,0,1208.4,0,0,-76
102,2013,218,200,13.4,0,2052.3,0,0,-131.1
102,2013,218,300,13.41,0,3201.5,0,0,-189.4
102,2013,218,400,12.83,0,5239.1,0,0,-189.5
102,2013,218,500,12.72,0,6218.8,0,0,-288.3
102,2013,218,600,12.71,0,7587.5,0,0,-251.5
102,2013,218,700,12.71,1232.5,3043.3,2448.4,0,-237.9
102,2013,218,800,12.7,4139.4,0,1923,0,-211.2
102,2013,218,900,13.45,4790.9,0,1275.9,0,-398.9
102,2013,218,1000,13.42,3175.4,0,0,0,-175.1
102,2013,218,1100,13.34,499.11,0,0,0,-70.5
102,2013,218,1200,13.29,0,4410.9,0,0,-19.32
102,2013,218,1300,13.26,642.9,344.12,0,0,202.5
102,2013,218,1400,13.25,3227.7,2.163,0,0,293
102,2013,218,1500,13.26,2493.4,0,0,0,365.6
102,2013,218,1600,13.25,1158.5,0,0,0,211.8
102,2013,218,1700,13.27,0,0,0,0,167.8
102,2013,218,1800,13.26,0,0,0,0,258
102,2013,218,1900,13.27,0,0,0,0,177.8
102,2013,218,2000,13.29,0,0,0,0,259.8
102,2013,218,2100,13.32,0,1314.5,48.53,0,145
102,2013,218,2200,13.32,0,6003,2115.1,0,-23.1
102,2013,218,2300,13.36,361.89,3767.9,1728.6,0,-148.5
101,2013,218,2400,12.7,25098,44393,9539.6,0
102,2013,218,2400,13.37,3376.2,0,0,0,-152.8
102,2013,219,100,13.39,5719.1,0,0,0,-99
102,2013,219,200,13.4,2741.8,1806,0,0,-137.3
102,2013,219,300,13.41,4896.6,223.54,0,0,-81.6
102,2013,219,400,13.43,4475.8,0,0,0,42.74
102,2013,219,500,13.43,2726.2,0,0,0,-92.9
102,2013,219,600,13.44,0,0,0,0,82.3
102,2013,219,700,13.46,0,0,0,0,149.9
102,2013,219,800,13.48,0,0,0,0,107.6
102,2013,219,900,13.47,0,735.37,31.397,0,-28
102,2013,219,1000,12.77,0,421.83,0,0,-112.2
102,2013,219,1100,13.34,197.92,0,0,0,-249.9
102,2013,219,1200,13.27,0,2539,0,0,-286
102,2013,219,1300,13.23,2316.3,933.26,0,0,-115.3
102,2013,219,1400,13.21,0,0,0,0,53.14
102,2013,219,1500,13.2,0,0,0,0,265.5
102,2013,219,1600,13.2,1072.6,0,0,0,237.2
102,2013,219,1700,13.21,3804.4,0,0,0,252
102,2013,219,1800,13.24,2720.7,0,0,0,64.66
102,2013,219,1900,13.26,96.872,0,0,0,155
102,2013,219,2000,13.28,0,0,0,0,195.7
102,2013,219,2100,13.29,0,770.6,0,0,253.9
102,2013,219,2200,13.33,0,2836.6,0,0,392.2
102,2013,219,2300,13.36,0,4931.1,0,0,318.8
101,2013,219,2400,12.77,30768,21299,278.47,0
102,2013,219,2400,13.38,0,6101.9,247.07,0,156.3
102,2013,220,100,13.4,152.4,0,2626.4,0,-126.5
102,2013,220,200,13.41,3770.1,0,0,0,18.39
102,2013,220,300,13.43,3355.4,0,0,0,45.7
102,2013,220,400,13.43,4890.6,0,0,0,-90.2
102,2013,220,500,13.44,873.45,0,0,0,94.9
102,2013,220,600,13.44,1677.8,0,0,0,24.73
102,2013,220,700,13.44,3264.8,0,0,0,-4.86
102,2013,220,800,13.44,0,0,1046.5,0,-76.7
102,2013,220,900,13.44,0,0,3141.2,0,-44.67
102,2013,220,1000,13.42,370.89,0,0,0,-95.6
102,2013,220,1100,13.36,3655.2,0,0,0,-90.8
102,2013,220,1200,13.3,0,1805.6,0,0,96.5
102,2013,220,1300,13.29,0,4976.4,0,0,268.5
102,2013,220,1400,13.31,0,2348.8,124.21,0,195.6
102,2013,220,1500,12.76,272.4,54.105,0,0,61.83
102,2013,220,1600,13.36,103.21,0,0,0,-4.092
102,2013,220,1700,13.33,1149.6,2798.9,179.33,0,164.2
102,2013,220,1800,13.33,91.065,6808,0,0,38.09
102,2013,220,1900,13.32,0,7499.3,0,0,24.08
102,2013,220,2000,13.32,0,5933,0,0,-38.04
102,2013,220,2100,13.34,0,5527.2,0,0,59.72
102,2013,220,2200,13.37,0,7317.9,0,0,75.5
102,2013,220,2300,13.37,295.98,4796.4,0,0,-221.6
101,2013,220,2400,12.76,26401,49866,7117.7,0
102,2013,220,2400,13.39,2477.8,0,0,0,-235.7
102,2013,221,100,13.4,4457.8,0,33.03,0,-238
102,2013,221,200,13.41,5869,0,18.5,0,-205.2
102,2013,221,300,13.41,1786.6,0,261.97,0,-107.8
102,2013,221,400,13.42,1953.4,1409.9,0,0,-45.9
102,2013,221,500,13.43,0,3894.1,1142.1,0,-157.7
102,2013,221,600,13.44,0,0,3020.4,0,-38.08
102,2013,221,700,13.44,0,0,3569.8,0,104.3
102,2013,221,800,13.44,0,0,3791.7,0,132.3
102,2013,221,900,13.44,0,0,630.37,0,47.41
102,2013,221,1000,13.43,0,0,0,0,60.67
102,2013,221,1100,13.36,0,0,0,0,-29.5
102,2013,221,1200,13.34,1801,0,0,0,-167.1
102,2013,221,1300,13.31,0,0,0,0,15.46
102,2013,221,1400,13.28,0,5921.3,0,0,112.6
102,2013,221,1500,13.25,1.6059,6541.2,0,0,59.23
102,2013,221,1600,13.25,786.66,5171.4,0,0,204.1
102,2013,221,1700,13.27,702.06,4900.3,2.6974,0,67.31
102,2013,221,1800,13.27,1619.7,4708.4,68.678,0,174
102,2013,221,1900,13.28,219.02,4254.9,0,0,77.5
102,2013,221,2000,13.3,0,3150.2,0,0,43.21
102,2013,221,2100,12.79,0,4470.5,0,0,17.49
102,2013,221,2200,13.36,0,5604.7,0,0,130.4
102,2013,221,2300,13.37,0,6972.5,0,0,79.1
101,2013,221,2400,12.74,19197,65200,12539,0
102,2013,221,2400,12.74,0,8200.8,0,0,50.24
102,2013,222,100,13.39,20.826,6775.4,0,0,-266.9
102,2013,222,200,13.41,1724.1,0,8.4314,0,-211.9
102,2013,222,300,13.41,5344.4,0,1269.4,0,-331.1
102,2013,222,400,13.43,1400.7,0,0,0,-212.4
102,2013,222,500,13.44,0,0,0,0,-91.6
102,2013,222,600,13.45,0,0,0,0,-75.3
102,2013,222,700,13.46,0,0,0,0,-138.4
102,2013,222,800,13.46,0,0,0,0,-264.9
102,2013,222,900,13.41,0,1666.8,334.89,0,-276.2
102,2013,222,1000,13.35,959.05,0,0,0,-107.9
102,2013,222,1100,13.28,665.34,0,0,0,-48.01
102,2013,222,1200,13.25,141.79,6161.3,0,0,-136.6
102,2013,222,1300,13.22,3516.4,2925.9,294.25,0,-116.3
102,2013,222,1400,13.22,683.14,5.3687,2635.8,0,77.3
102,2013,222,1500,13.21,217.92,0,1397.2,0,77.9
102,2013,222,1600,13.22,121.74,0,1125.2,0,141.5
102,2013,222,1700,13.22,0,0,1352.6,0,205.4
102,2013,222,1800,13.23,0,0,338.21,0,181.6
102,2013,222,1900,13.24,1484.8,0,1298.9,0,134.8
102,2013,222,2000,13.27,3534.2,453.03,1200.1,0,251.5
102,2013,222,2100,13.29,24.949,3035.9,0,0,296
102,2013,222,2200,13.32,0,4984.7,0,0,287.2
102,2013,222,2300,13.34,0,4077.8,0,0,133.2
101,2013,222,2400,13.21,19839,33570,11255,0
102,2013,222,2400,13.36,0,3483.6,0,0,199.2
102,2013,223,100,13.39,0,4359.5,0,0,239.3
102,2013,223,200,13.4,0,6896.2,0,0,257.1
102,2013,223,300,13.42,0,3728.4,164.67,0,-17.31
102,2013,223,400,13.44,600.43,0,285.34,0,73.4
102,2013,223,500,13.45,4170,0,1949.2,0,149.4
102,2013,223,600,13.46,1404.5,0,0,0,54.81
102,2013,223,700,13.48,0,0,0,0,129.4
102,2013,223,800,13.48,0,0,0,0,37.21
102,2013,223,900,13.44,3302.6,0,705.78,0,34.64
102,2013,223,1000,13.38,3979.9,0,0,0,-80.5
102,2013,223,1100,13.3,0,2342.5,0,0,-38.76
102,2013,223,1200,13.25,2315.8,2906.6,124.84,0,16.75
102,2013,223,1300,12.84,1278.3,5.4172,2314,0,-45.79
102,2013,223,1400,12.81,3271.8,0,0,0,21.85
102,2013,223,1500,13.2,124.32,0,0,0,-46.71
102,2013,223,1600,13.2,0,0,0,0,-120.9
102,2013,223,1700,13.21,0,0,0,0,-106.5
102,2013,223,1800,13.23,238.03,0,0,0,-120.9
102,2013,223,1900,13.25,3862.1,0,0,0,-51.06
102,2013,223,2000,13.28,4832.8,0,551.86,0,-19.7
102,2013,223,2100,13.3,1416.7,0,561.35,0,14.12
102,2013,223,2200,13.33,367,512.98,0,0,106
102,2013,223,2300,13.34,20.686,2317.4,0,0,181.4
101,2013,223,2400,12.81,31185,24401,6657,0
102,2013,223,2400,13.36,0,1332.3,0,0,189.9
102,2013,224,100,13.38,0,0,0,0,244
102,2013,224,200,13.41,0,1158.1,0,0,203.5
102,2013,224,300,13.41,0,3476,0,0,204.7
102,2013,224,400,13.42,0,4830.6,0,0,116.6
102,2013,224,500,13.43,0,6548.3,1493.7,0,73.1
102,2013,224,600,13.45,0,8350.5,242.96,0,139.7
102,2013,224,700,13.46,545.71,5881.5,349.66,0,142.6
102,2013,224,800,13.46,1258.6,6127.3,0,0,39.58
102,2013,224,900,13.46,395.49,158.31,0,0,100.6
102,2013,224,1000,13.44,0,4980,0,0,108.5
102,2013,224,1100,13.42,0,626.04,0,0,68.56
102,2013,224,1200,12.76,173.1,901.72,0,0,-11.25
102,2013,224,1300,13.25,1212.1,869.3,132,0,4.359
102,2013,224,1400,13.2,2156.6,0,1888.6,0,242.7
102,2013,224,1500,12.79,13.1,0,234.14,0,314.1
102,2013,224,1600,12.79,0,0,0,0,222.6
102,2013,224,1700,12.82,0,0,0,0,151.3
102,2013,224,1800,12.82,0,0,0,0,56.42
102,2013,224,1900,12.8,0,0,197.55,0,33.3
102,2013,224,2000,12.82,0,0,463.5,0,105.8
102,2013,224,2100,12.81,17.386,86.51,0,0,75.3
102,2013,224,2200,12.75,29.908,1616.3,54.381,0,-26.83
102,2013,224,2300,12.79,34.878,3206.3,4.0977,0,19.56
101,2013,224,2400,12.75,5836.9,52116,5060.6,0
102,2013,224,2400,12.8,0,3299.4,0,0,-.59
102,2013,225,100,12.77,0,1467.5,0,0,24.56
102,2013,225,200,12.73,0,3656.4,0,0,-38.99
102,2013,225,300,12.75,0,4410.3,0,0,-42.82
102,2013,225,400,12.72,0,4333.2,0,0,-62.44
102,2013,225,500,13.02,0,5758.8,0,0,8.69
102,2013,225,600,13.37,0,7471.6,0,0,-21.09
102,2013,225,700,12.78,182.59,3468.7,0,0,129.9
102,2013,225,800,12.86,3315.9,0,0,0,97.2
102,2013,225,900,13.01,5239.4,0,0,0,36.95
102,2013,225,1000,12.81,6134.9,0,0,0,-26.96
102,2013,225,1100,12.94,3341.3,0,0,0,64.13
102,2013,225,1200,12.83,0,3370.8,0,0,44.94
102,2013,225,1300,12.98,2354.2,2916.1,0,0,33.04
102,2013,225,1400,13.23,1809,189.13,0,0,118.8
102,2013,225,1500,13.24,1590.9,671.86,149.59,0,137.9
102,2013,225,1600,12.76,397.96,0,0,0,169.1
102,2013,225,1700,12.74,0,0,1571.1,0,8.31
102,2013,225,1800,12.72,0,1827.3,0,0,35.35
102,2013,225,1900,13.37,0,3319.7,0,0,-80.6
102,2013,225,2000,13.41,0,6325.4,0,0,29.32
102,2013,225,2100,13.43,0,4985.1,0,0,-1.517
102,2013,225,2200,13.43,0,6661.8,0,0,-15.43
102,2013,225,2300,13.44,0,5316.6,0,0,-21.43
101,2013,225,2400,12.72,24366,70393,1720.6,0
102,2013,225,2400,13.45,0,4242.2,0,0,-16.65
102,2013,226,100,13.46,0,5521.9,0,0,54.73
102,2013,226,200,13.46,0,7266.2,0,0,39.66
102,2013,226,300,13.47,0,7551.6,0,0,46.84
102,2013,226,400,13.47,0,2313.9,0,0,99.2
102,2013,226,500,13.48,0,0,0,0,185.8
102,2013,226,600,13.48,0,0,0,0,101.3
102,2013,226,700,13.48,0,0,0,0,209.2
102,2013,226,800,13.48,0,0,0,0,312.9
102,2013,226,900,13.46,0,0,0,0,327.3
102,2013,226,1000,13.41,0,0,0,0,382.2
102,2013,226,1100,13.35,0,0,0,0,290
102,2013,226,1200,13.3,1816.1,0,1329.2,0,87.3
102,2013,226,1300,13.22,2864,0,534.05,0,33.12
102,2013,226,1400,13.2,721.64,1934.6,0,0,140.6
102,2013,226,1500,13.21,2317.8,673.93,397.81,0,99.5
102,2013,226,1600,13.17,2487.9,2040,0,0,24.53
102,2013,226,1700,13.06,945.11,83.547,0,0,185.1
102,2013,226,1800,13.19,3129.7,128.81,185.06,0,120.4
102,2013,226,1900,13.26,47.664,1917.3,322.33,0,103.4
102,2013,226,2000,13.28,0,4416.2,980.31,0,35.38
102,2013,226,2100,13.29,0,3012.2,1.3685,0,5.179
102,2013,226,2200,13.3,0,5328.2,0,0,86
102,2013,226,2300,13.32,0,6750.7,0,0,19.03
101,2013,226,2400,13.06,14330,52527,3750.1,0
102,2013,226,2400,13.33,0,3587.5,0,0,-22.8
102,2013,227,100,13.35,.47458,0,0,0,-12.86
102,2013,227,200,13.36,1565.1,0,0,0,-36.87
102,2013,227,300,13.37,3821.5,0,0,0,-223.7
102,2013,227,400,13.4,5253.2,0,0,0,-124.5
102,2013,227,500,13.41,5837.5,0,0,0,-166.5
102,2013,227,600,12.72,4495.3,215.53,0,0,-152.4
102,2013,227,700,12.7,3075.3,1137.2,0,0,-71.8
102,2013,227,800,12.7,3989.3,3094.8,0,0,-150.3
102,2013,227,900,12.71,5859.2,5973.6,0,0,-70.3
102,2013,227,1000,12.79,6625.2,0,0,0,73.5
102,2013,227,1100,13.39,6341.5,0,0,0,281.7
102,2013,227,1200,12.77,1315.3,0,0,0,316.1
102,2013,227,1300,12.75,537.34,1835.5,0,0,403.7
102,2013,227,1400,12.76,1251.4,2798,0,0,463.4
102,2013,227,1500,12.75,3334.4,1333.6,0,0,390.7
102,2013,227,1600,12.75,5391.8,1881.3,1589.6,0,269.7
102,2013,227,1700,12.75,1579.2,1933.7,2181.7,0,279.7
102,2013,227,1800,12.75,0,1992,0,0,134.3
102,2013,227,1900,13.21,922.57,993.47,46.159,0,53.58
102,2013,227,2000,13.28,0,1893.7,3.2828,0,60.87
102,2013,227,2100,13.31,1241.2,4217.8,0,0,115.1
102,2013,227,2200,13.34,5067.7,6679.1,0,0,34.01
102,2013,227,2300,13.36,3805.5,6368.2,0,0,131.8
101,2013,227,2400,12.7,75528,47644,3820.7,0
102,2013,227,2400,13.38,4218.4,5296.5,0,0,279.3
102,2013,228,100,13.39,5157,7961.7,0,0,33.75
102,2013,228,200,13.41,5835.9,7216.1,0,0,113.9
102,2013,228,300,13.41,6176,7182.7,0,0,46.76
102,2013,228,400,13.43,4326.8,5710.6,0,0,28.02
102,2013,228,500,13.43,6110.3,5901.9,0,0,28.17
102,2013,228,600,13.44,5868.9,6076.4,0,0,101.7
102,2013,228,700,13.45,5326.6,6746.8,188.25,0,182.9
102,2013,228,800,13.46,5822.7,6101.4,3328.9,0,168.1
102,2013,228,900,13.44,3933,5170.1,969.78,0,191.1
102,2013,228,1000,13.39,2186.1,0,0,0,88.3
102,2013,228,1100,13.34,0,0,0,0,102.5
102,2013,228,1200,13.3,1163.5,0,0,0,232
102,2013,228,1300,13.25,846.94,744.93,0,0,122.3
102,2013,228,1400,13.21,2870.9,6033.4,1982.6,0,54.57
102,2013,228,1500,13.2,0,2193.3,0,0,277.6
102,2013,228,1600,12.78,0,0,0,0,384.4
102,2013,228,1700,12.77,332.52,792.28,0,0,279.2
102,2013,228,1800,12.77,5.2921,1180.9,2836.7,0,320.2
102,2013,228,1900,13.27,0,1214.2,3509.2,0,234.5
102,2013,228,2000,12.77,43.172,1995.5,510,0,276.9
102,2013,228,2100,13.34,1088.3,659.73,107.88,0,105.1
102,2013,228,2200,13.37,366.4,2277.4,44.77,0,163.5
102,2013,228,2300,13.39,1018.9,2152.6,0,0,248.9
101,2013,228,2400,12.77,58522,77508,13478,0
102,2013,228,2400,13.41,42.86,196.38,0,0,91.1
102,2013,229,100,13.43,142.28,0,0,0,103
102,2013,229,200,13.43,0,0,0,0,126.4
102,2013,229,300,13.44,0,0,0,0,191.1
102,2013,229,400,13.44,0,0,0,0,225.9
102,2013,229,500,13.45,0,0,0,0,119.9
102,2013,229,600,13.46,1050.6,0,0,0,209.6
102,2013,229,700,13.46,0,0,0,0,242.3
102,2013,229,800,13.46,0,0,0,0,277.8
102,2013,229,900,13.45,0,0,0,0,236.6
102,2013,229,1000,13.43,1790.4,0,0,0,352.9
102,2013,229,1100,12.75,768.45,0,0,0,337.7
102,2013,229,1200,12.73,0,0,0,0,144.4
102,2013,229,1300,12.73,0,0,0,0,79.4
102,2013,229,1400,12.74,0,0,0,0,-161
102,2013,229,1500,12.74,4369.4,2814,0,0,-218.8
102,2013,229,1600,12.75,2791.6,6042.4,0,0,-263.7
102,2013,229,1700,12.9,3188.1,3295.5,0,0,-48.28
102,2013,229,1800,13.27,1557.1,6734.8,0,0,-84.2
102,2013,229,1900,13.29,40.935,3264.1,0,0,-40.39
102,2013,229,2000,13.3,.83845,6266.5,0,0,-54.84
102,2013,229,2100,13.33,103.16,7540.8,0,0,-61.35
102,2013,229,2200,13.36,4100.7,7051.8,0,0,-75.6
102,2013,229,2300,13.38,725.77,447.54,0,0,-55.92
101,2013,229,2400,12.73,20629,43457,0,0
102,2013,229,2400,13.4,0,0,0,0,97.1
102,2013,230,100,13.42,0,0,0,0,-23.19
102,2013,230,200,12.73,0,0,0,0,49.22
102,2013,230,300,12.71,0,0,2031.2,0,51.69
102,2013,230,400,12.71,0,0,5687.1,0,168.1
102,2013,230,500,12.7,0,0,562.46,0,250.6
102,2013,230,600,13.46,0,4390.4,0,0,228.2
102,2013,230,700,13.46,121.72,5490.9,0,0,192.5
102,2013,230,800,13.47,0,6387.5,1305.1,0,244.8
102,2013,230,900,13.43,0,7227.8,1613.1,0,155
102,2013,230,1000,13.35,0,140.83,0,0,-2.03
102,2013,230,1100,13.32,0,0,0,0,-66.23
102,2013,230,1200,13.32,0,0,0,0,-157.5
102,2013,230,1300,13.28,4369.1,0,0,0,-137.7
102,2013,230,1400,13.24,715.9,5618.4,60.466,0,98.2
102,2013,230,1500,13.23,0,3043,1062.9,0,253.7
102,2013,230,1600,13.23,0,1742.4,419.12,0,232.2
102,2013,230,1700,13.24,485.03,454.45,0,0,145.9
102,2013,230,1800,13.25,770.21,0,317.92,0,170.9
102,2013,230,1900,12.76,0,32.94,528.56,0,163.8
102,2013,230,2000,12.75,269.88,218.85,32.366,0,133.1
102,2013,230,2100,13.39,793.48,3642.9,0,0,-65.5
102,2013,230,2200,13.4,843.33,2472.1,0,0,-73.9
102,2013,230,2300,13.41,0                                                                                                                                                                                                                                                                                                                                                                                                                                                                                                                                                                                                                                                                                                                                                                                                                                                                                                                                                                                                                                                                                                                                                                                                                                                                                                                                                                                                                                                                                                                                                                                      